17102102001
17102102002
17102102003
17102102004
17102102005
17102102006
17102102007
17102102008
17102102009
17102102010
17102102011
17102102012
17102102013
17102102014
17102102015
17102102016
17102102017
17102102018
17102102019
17102102020
17102102021
17102102022
17102102023
17102102024
17102102025
18102102901
18102102902
18102102903
18102102904
17104102001
17104102002
17104102003
17104102004
17104102006
17105102001
17105102002
17105102003
17105102004
17105102005
17105102006
17105102007
17105102008
17105102009
17105102010
17105102011
17105102012
17105102013
17105102014
17105102015
17105102016
17105102017
17105102018
17105102019
17105102020
17105102021
17105102022
17105102023
17105102024
17105102025
17105102026
17105102027
17105102028
17105102029
17105102030
17105102031
17105102032
17105102033
17105102034
17105102035
17105102036
17105102037
17105102038
17105102039
17105102040
17105102041
17105102042
17105102043
17110102001
17110102002
17110102003
17110102004
17110102005
17110102006
17110102007
17110102008
17110102009
17110102010
17110102011
17110102012
17110102013
17110102014
17110102015
17110102016
17110102017
17110102018
17110102019
17110102020
17110102021
17110102022
18110102901
17101103001
17101103002
17101103003
17101103004
17101103005
17101103006
17101103009
17101103010
17101103011
17101103012
17101103013
17101103014
17101103015
17101103016
17101103017
17101103018
17101103019
17101103020
17101103021
17101103022
17101103023
17101103024
17101103025
17101103026
17101103027
17101103028
17101103029
17101103030
17101103031
17101103032
17101103033
17101103034
17101103035
17101103036
17101103037
17101103038
17101103039
17101103040
17101103041
17101103042
17101103043
17101103044
17101103046
17101103047
17101103048
17101103049
17101103050
17101103051
17101103052
17101103053
17101103054
17101103055
17101103056
17101103057
17101103058
17101103059
17101103060
17101103061
17101103062
17101103063
17101103064
17101103065
17101103066
17101103067
17101103068
17101103069
17101103070
17101103071
17101103072
17101103073
17101103074
17102103001
17102103002
17102103003
17102103004
17102103005
17102103007
17102103008
17102103009
17102103010
17102103011
17102103012
17102103013
17102103014
17102103015
17102103016
17102103017
17102103018
17102103019
17102103020
17102103022
17102103023
17102103025
17102103026
17102103027
17102103028
17102103029
17102103030
17102103031
17102103032
17102103033
17102103034
18102103901
17104103001
17104103002
17104103003
17104103004
17104103005
17104103006
17104103007
17104103008
17104103009
17104103010
17104103011
17104103012
17104103013
17104103014
17104103015
17104103016
17104103017
17104103018
17104103019
17104103020
17104103021
17104103022
17104103023
17104103024
18104103901
17105103001
17105103002
17105103003
17105103004
17105103005
17105103006
17105103007
17105103008
17105103009
17105103010
17105103011
17105103012
17105103013
17105103014
17105103015
17105103016
17105103017
17105103018
17105103019
17105103020
17105103021
17105103022
17105103023
17105103024
17105103025
17105103026
17105103027
17105103028
17105103029
17105103030
17105103031
17105103032
17105103033
17105103034
17105103035
17105103036
17105103037
17105103038
17105103039
17105103040
17105103041
17105103042
17105103043
17105103044
17105103045
17105103046
17105103047
17105103048
17105103049
17105103050
17105103051
17105103053
17105103054
17105103055
17105103056
17101106001
17101106002
17101106003
17101106004
17101106006
17101106007
17101106008
17101106009
17101106010
17101106011
17101106012
17101106013
17101106014
17101106015
17101106016
17101106017
17101106018
17101106019
17101106020
17101106021
17101106022
17101106023
17101106024
17101106025
17101106026
17101106027
17101106028
17101106029
18101106901
18101106902
18101106903
17102106001
17102106002
17102106003
17102106004
17102106005
17102106006
17102106007
17102106008
17102106009
17102106010
17102106011
17102106012
17102106013
17102106014
17102106015
17102106017
17102106018
17102106019
17102106020
17102106021
18102106901
17103106001
17103106003
17103106004
17103106005
17103106006
17103106007
17103106008
17103106009
18103106901
18103106902
18103106903
17102107001
17102107002
17102107003
17102107004
17102107005
17102107006
17102107007
17102107008
17102107009
17102107010
17102107011
17102107012
17102107013
17102107014
17102107015
17102107016
17102107017
17102107018
17102107019
17102107020
17102107021
17102107022
17102107023
17102107024
17102107025
17102107026
17102107027
17102107028
17102107029
17102107030
17102107031
17102107032
17102107033
17102107034
17102107035
17102107036
17102107037
17102107038
17102107039
17102107040
17102107041
17102107042
17102107043
17102107044
17102107045
17102107046
17102107047
17102107048
17102107049
17102107050
17102107051
17102107052
17102107053
17102107054
17102107055
17102107056
17102107057
17102107058
17102107059
17102107060
17102107061
17102107062
17102107063
18102107901
18102107902
18102107903
18102107904
18102107905
18102107906
18102107907
18102107908
18102107909
18102107910
18102107911
18102107912
17103107001
17103107002
17103107003
17103107004
17103107005
17103107006
17103107007
17103107008
17103107009
17103107010
17103107011
17103107012
17103107013
17103107014
17103107015
17103107016
17103107017
17103107018
17103107019
17103107020
17103107021
17103107022
17103107023
17103107024
17103107025
17103107026
17103107027
17103107028
17103107029
17103107030
17103107031
17103107032
17103107033
17103107034
17103107035
17103107036
17103107037
17103107038
17103107039
17103107040
17103107041
17103107042
17103107043
17103107044
17103107045
17103107046
17103107047
17103107048
17103107049
17103107050
17103107051
17103107052
17103107053
17103107054
17103107055
17103107056
17103107057
17103107058
17103107059
17103107060
17103107061
18103107901
18103107902
18103107903
18103107904
18103107905
18103107906
18103107907
18103107908
18103107909
18103107910
17106107001
17106107002
17106107003
17106107004
17106107005
17106107006
17106107007
17106107008
17106107009
17106107010
17106107011
17106107012
17106107013
17106107014
17106107015
17106107016
17106107017
17106107018
17106107019
17106107020
17106107021
17106107022
17106107023
17106107024
17106107025
17106107026
17106107027
17106107028
17106107029
17106107030
17106107031
17106107032
17106107033
17106107034
17106107035
17106107036
17106107037
17106107038
17106107039
17106107040
17106107041
17106107042
18106107902
18106107903
18106107904
18106107905
18106107906
18106107907
18106107908
18106107909
17101108001
17101108002
17101108003
17101108004
17101108005
17101108006
17101108007
17101108008
17101108009
17101108010
17101108011
17101108012
17101108013
17101108014
17101108015
17101108016
17101108017
17101108018
17101108019
17101108020
17101108021
17101108022
17101108023
17101108024
17101108025
17101108026
17101108027
17101108028
17101108029
17101108030
17101108031
18101108902
18101108903
18101108905
18101108906
17102108001
17102108002
17102108003
17102108004
17102108005
17102108006
17102108007
17102108008
17102108009
17102108010
17102108011
17102108012
17102108013
17102108014
17102108015
17102108016
17102108017
17102108018
17102108019
17102108020
17102108021
17102108022
17102108023
17102108024
17102108025
17102108026
17102108027
17102108028
17102108029
17102108030
17102108031
17102108032
17102108033
17102108034
17102108035
17102108036
17102108037
17102108038
17102108039
17102108040
17102108041
17102108042
17102108043
17102108044
17102108045
17102108046
18102108901
18102108902
18102108903
18102108904
18102108905
18102108906
18102108907
18102108908
17103108001
17103108002
17103108003
17103108004
17103108005
17103108006
17103108007
17103108008
17103108009
17103108010
17103108011
17103108012
17103108013
17103108014
17103108015
17103108016
17103108017
17103108018
17103108019
17103108020
17103108021
17103108022
17103108023
17103108024
17103108025
17103108026
17103108027
17103108028
17103108029
17103108030
17103108031
17103108032
17103108033
17103108034
17103108035
17103108036
17103108037
17103108038
17103108039
17103108040
17103108041
17103108042
17103108043
17103108044
17103108045
17103108046
17103108047
18103108901
18103108902
18103108903
18103108904
18103108905
18103108906
18103108907
18103108908
17104108001
17104108002
17104108003
17104108004
17104108005
17104108006
17104108007
17104108008
17104108009
17104108010
17104108011
17104108012
17104108013
17104108014
17104108015
17104108016
17104108017
17104108018
17104108019
17104108020
17104108021
17104108022
17104108023
17104108024
17104108025
17104108026
17104108027
17104108028
17104108029
17104108030
17104108031
17104108032
17104108033
17104108034
17104108035
17104108036
17104108037
17104108038
17104108039
17104108040
17104108041
18104108901
18104108902
18104108903
18104108904
18104108905
18104108906
18104108907
18104108908
17101109001
17101109002
17101109003
17101109004
17101109005
17101109006
17101109007
17101109008
17101109009
17101109010
17101109011
17101109012
17101109013
17101109014
17101109015
17101109016
17101109017
17101109018
17101109019
17101109020
17101109021
17101109023
17101109024
17101109025
17101109027
17101109028
17101109029
17101109030
17101109031
17101109032
17101109033
17101109035
17101109036
17101109037
17101109038
17101109040
17101109041
17101109042
17101109043
17101109044
17101109045
17101109046
17101109047
17101109048
17101109049
17101109050
17101109052
17101109053
17101109054
17101109055
17101109056
17101109057
17101109058
17101109059
17101109060
17101109061
17101109062
17101109063
18101109901
18101109902
18101109903
18101109904
18101109905
18101109906
18101109907
18101109908
18101109909
18101109911
17105109001
17105109002
17105109003
17105109004
17105109005
17105109006
17105109007
17105109008
17105109009
17105109010
17105109011
17105109012
17105109013
17105109014
17105109015
17105109016
17105109017
17105109018
17105109019
17105109020
17105109021
17105109022
17105109023
17105109024
17105109025
17105109026
17105109027
17105109028
17105109029
17105109030
17105109031
17105109032
17105109033
17105109034
17105109035
17105109036
17105109037
17105109038
17105109039
17105109040
17105109041
17105109042
17105109043
17105109045
17105109046
17105109048
17105109049
17105109050
17105109051
17105109052
17105109053
17105109054
17105109055
17105109056
17105109057
17105109058
17105109059
17105109060
17105109061
17105109062
17105109063
17105109064
18105109901
18105109902
18105109903
18105109904
18105109905
18105109906
18105109907
17101111001
17101111002
17101111003
17101111004
17101111005
17101111006
17101111007
17101111008
17101111009
17101111010
17101111011
17101111012
17101111013
17101111014
17101111015
17101111016
17101111017
17101111018
17101111019
17101111020
17101111021
17101111022
17101111023
17101111024
17101111025
17101111026
17101111027
17101111028
17101111029
17101111030
17101111031
17101111032
17101111033
17101111034
17101111035
17101111036
17101111037
17101111038
17101111039
17101111040
17101111041
17101111042
17101111043
17101111044
17101111045
17101111046
17101111047
17101111048
17101111049
17101111050
17101111052
17101111054
17101111055
17101111056
17101111057
17101111058
17101111059
17101111060
17101111061
17101111062
17101111063
17101111064
17101111065
17101111066
18101111901
18101111902
18101111903
18101111904
18101111905
18101111906
18101111908
18101111909
18101111910
17102111001
17102111003
17102111004
17102111005
17102111006
17102111007
17102111008
17102111009
17102111010
17102111011
17102111012
17102111013
17102111014
17102111015
17102111016
17102111017
17102111018
17102111019
17102111020
17102111021
17102111022
17102111023
17102111024
17102111025
17102111026
17102111027
17102111028
17102111029
17102111030
17102111031
17102111032
17102111033
17102111034
17102111035
17102111036
17102111037
17102111038
17102111039
17102111040
17102111041
17102111042
17102111043
17102111044
17102111045
17102111046
17102111047
17102111048
17102111049
17102111050
17102111051
17102111052
17102111053
17102111054
17102111055
17102111056
17102111057
17102111058
17102111060
17102111061
17102111062
17102111063
18102111901
18102111902
18102111903
18102111904
18102111905
18102111906
18102111907
18102111908
18102111909
18102111910
18102111911
17105111001
17105111002
17105111003
17105111004
17105111005
17105111006
17105111007
17105111009
17105111010
17105111011
17105111012
17105111013
17105111014
17105111015
17105111016
17105111017
17105111018
17105111019
17105111020
17105111021
17105111022
17105111023
17105111024
17105111025
17105111026
17105111027
17105111028
17105111029
17105111030
17105111031
17105111032
17105111033
17105111034
17105111035
17105111036
17105111037
17105111038
17105111039
17105111040
17105111041
17105111042
17105111043
17105111044
17105111045
17105111046
17105111047
17105111048
17105111049
17105111050
17105111051
17105111052
17105111053
17105111054
17105111055
17105111056
17105111057
17105111058
17105111059
17105111060
17105111061
17105111062
17105111063
18105111901
18105111902
18105111903
18105111904
17101113001
17101113002
17101113003
17101113004
17101113005
17101113006
17101113007
17101113008
17101113009
17101113010
17101113011
17101113012
17101113013
17101113014
17101113015
17101113016
17101113017
17101113018
17101113019
17101113020
17101113021
17101113022
17101113023
17101113024
17101113025
17101113026
17101113027
17101113028
17101113029
17101113030
17101113031
17101113032
17101113033
18101113901
18101113902
18101113903
17102113001
17102113002
17102113003
17102113004
17102113005
17102113006
17102113007
17102113008
17102113009
17102113010
17102113011
17102113012
17102113013
17102113014
17102113015
17102113016
17102113017
17102113018
17102113019
17102113020
17102113021
17102113022
17102113023
17102113024
17102113025
17102113026
17102113027
17102113028
17102113029
17102113030
17102113031
17102113032
18102113901
18102113902
18102113903
18102113904
17105113001
17105113003
17105113004
17105113005
17105113006
17105113007
17105113008
17105113009
17105113010
17105113011
17105113012
17105113013
17105113014
17105113015
17105113016
17105113017
17105113018
17105113019
17105113020
17105113021
17105113022
17105113023
17105113024
17105113025
17105113026
17105113027
17105113028
17105113029
17105113030
17105113031
18105113901
17101117001
17101117002
17101117003
17101117004
17101117005
17101117006
17101117007
17101117008
17101117009
17101117010
17101117011
17101117012
17101117013
17101117014
17101117015
17101117017
17101117018
17101117019
17101117020
17101117021
17101117022
17101117023
17101117024
17101117025
17101117026
17101117027
17101117028
17101117029
17101117030
17101117031
17101117032
17101117033
17101117034
17101117035
17101117036
17101117037
17101117038
17101117039
17101117040
17101117041
17101117042
17101117043
17101117044
17101117045
17101117046
17101117047
17101117048
17101117049
17101117050
17101117051
17101117052
17101117053
17101117054
17101117055
17101117056
17101117057
17101117058
17101117059
17101117060
17101117061
17101117062
18101117901
18101117902
18101117903
18101117904
18101117905
18101117906
18101117907
18101117908
18101117909
18101117910
18101117911
18101117912
17102117001
17102117002
17102117003
17102117004
17102117005
17102117006
17102117007
17102117008
17102117009
17102117010
17102117011
17102117012
17102117013
17102117014
17102117015
17102117016
17102117017
17102117018
17102117019
17102117020
17102117021
17102117022
17102117023
17102117024
17102117025
17102117026
17102117027
17102117028
17102117029
17102117030
17102117031
17102117032
17102117033
17102117034
17102117035
17102117036
17102117037
17102117038
17102117039
17102117040
17102117041
17102117042
17102117043
17102117044
17102117045
17102117046
17102117047
17102117048
17102117049
17102117050
17102117051
17102117052
17102117053
17102117054
17102117055
17102117056
17102117057
17102117058
17102117059
17102117060
17102117061
17102117062
18102117901
18102117902
18102117903
18102117904
18102117905
18102117906
18102117907
18102117908
18102117909
17105117001
17105117002
17105117003
17105117004
17105117005
17105117006
17105117007
17105117008
17105117009
17105117010
17105117011
17105117012
17105117013
17105117014
17105117015
17105117016
17105117017
17105117018
17105117019
17105117020
17105117021
17105117022
17105117023
17105117024
17105117025
17105117026
17105117027
17105117028
17105117029
17105117030
17105117031
17105117032
17105117033
17105117034
17105117035
17105117036
17105117037
17105117038
17105117039
17105117040
17105117041
17105117042
17105117043
17105117044
17105117045
17105117046
17105117047
17105117048
17105117049
17105117050
17105117051
17105117052
17105117053
17105117054
17105117055
17105117056
17105117057
17105117058
17105117059
17105117060
18105117901
18105117902
18105117903
18105117904
18105117905
18105117906
18105117907
18105117908
18105117909
17101121002
17101121003
17101121005
17101121006
17102121001
17102121002
17102121003
17102121004
17102121005
17102121006
17102121007
17101123002
17101123003
17101123004
17101123005
17101123006
17101123007
17101123008
17102123001
17102123002
17102123003
17102123004
17102123005
17102123006
17102123007
17102123008
17102123009
17102123010
17102123011
17102123012
17102123013
17102123014
17102123015
17102123016
17102123017
18102123901
17103123001
17103123002
17103123003
17103123004
17103123005
17103123006
17103123007
18103123901
17104123001
17101124001
17101124002
17101124003
17101124004
17101124005
17101124006
17101124007
17101124008
17101124009
17101124010
17101124011
17101124012
17101124013
17101124014
17101124015
17101124016
17101124017
17101124018
17101124019
17101124020
17101124021
17101124022
17101124023
17101124024
17101124025
17101124026
17101124027
17101124028
17101124029
17101124030
17101124031
17101124032
17101124033
17101124034
17101124035
17101124036
17101124037
17101124038
17101124039
17101124040
17101124041
17101124042
17101124043
17101124044
17101124045
17101124046
17101124047
17101124048
17101124049
17101124050
17101124051
17101124052
17101124053
17101124054
17101124055
17101124056
17101124057
17101124058
17101124059
17101124060
17101124061
17101124062
17101124063
18101124901
18101124902
18101124903
18101124904
18101124905
18101124907
18101124908
18101124909
18101124910
18101124911
17102124001
17102124002
17102124003
17102124004
17102124005
17102124006
17102124007
17102124008
17102124009
17102124010
17102124011
17102124012
17102124013
17102124014
17102124015
17102124016
17102124017
17102124018
17102124019
17102124020
17102124021
17102124022
17102124023
17102124024
17102124025
17102124027
17102124028
17102124029
17102124030
17102124032
17102124033
17102124034
17102124035
17102124036
17102124037
17102124038
17102124039
17102124040
17102124041
17102124042
17102124043
17102124044
17102124045
17102124046
17102124047
17102124048
17102124049
17102124050
17102124051
17102124052
17102124053
17102124054
17102124055
17102124056
17102124057
17102124058
18102124901
18102124902
18102124903
18102124904
18102124906
18102124907
18102124908
18102124909
18102124910
17105124001
17105124002
17105124003
17105124004
17105124005
17105124006
17105124007
17105124008
17105124009
17105124010
17105124011
17105124012
17105124013
17105124014
17105124015
17105124016
17105124017
17105124018
17105124019
17105124020
17105124021
17105124022
17105124023
17105124024
17105124025
17105124026
17105124027
17105124028
17105124029
17105124030
17105124031
17105124032
17105124033
17105124034
17105124035
17105124036
17105124037
17105124039
17105124040
17105124041
17105124042
17105124043
17105124044
17105124045
17105124046
17105124047
17105124048
17105124049
17105124050
17105124052
18105124901
18105124902
18105124903
18105124904
18105124905
17101125001
17101125002
17101125003
17101125004
17101125005
17101125006
17101125007
17101125008
17101125009
17101125010
17101125011
17101125012
17101125013
17101125014
17101125015
17101125016
17101125017
17101125018
17101125019
17101125020
17101125021
17101125022
17101125023
17101125024
17101125025
17101125026
17101125027
17101125028
17101125029
17101125030
17101125031
17101125032
17101125033
17101125034
17101125036
17101125037
17101125038
17101125039
17101125040
17101125041
17101125042
17101125043
17101125044
17101125045
17101125046
17101125047
17101125048
17101125049
17101125050
17101125051
17101125052
17101125053
17101125054
17101125055
17101125056
17101125057
17101125058
17101125059
17101125060
17101125061
17101125062
17101125063
17101125064
17101125065
18101125901
18101125902
18101125903
18101125904
18101125905
18101125907
18101125908
18101125909
18101125910
17102125001
17102125002
17102125003
17102125004
17102125005
17102125006
17102125007
17102125009
17102125010
17102125011
17102125012
17102125013
17102125014
17102125015
17102125016
17102125017
17102125018
17102125019
17102125020
17102125021
17102125022
17102125023
17102125024
17102125025
17102125026
17102125027
17102125028
17102125029
17102125030
17102125031
17102125032
17102125033
17102125034
17102125035
17102125036
17102125037
17102125038
17102125039
17102125040
17102125041
17102125042
17102125043
17102125044
17102125045
17102125046
17102125047
17102125048
17102125049
17102125050
17102125051
17102125052
17102125053
17102125054
17102125055
17102125056
17102125057
17102125058
17102125059
17102125060
18102125901
18102125902
18102125903
18102125904
18102125905
18102125906
18102125907
18102125908
18102125909
18102125910
18102125911
17105125001
17105125002
17105125003
17105125004
17105125005
17105125006
17105125007
17105125008
17105125009
17105125010
17105125011
17105125012
17105125013
17105125014
17105125015
17105125016
17105125017
17105125018
17105125019
17105125020
17105125021
17105125022
17105125023
17105125024
17105125025
17105125026
17105125027
17105125028
17105125029
17105125030
17105125031
17105125032
17105125033
17105125034
17105125035
17105125036
17105125037
17105125038
17105125039
17105125040
17105125041
17105125042
17105125043
17105125044
17105125045
17105125046
17105125047
17105125048
17105125049
17105125050
17101126001
17101126002
17101126003
17101126004
17101126005
17101126006
17101126007
17101126008
17101126009
17101126011
17101126012
17101126013
17101126014
17101126015
17101126016
17101126017
17101126018
17101126019
17101126020
17101126021
17101126022
17101126024
17101126025
17101126026
17101126027
17101126028
17101126029
17101126030
17101126032
17101126033
17101126034
17101126035
17101126036
17101126037
17101126038
17101126039
17101126040
17101126041
17101126042
17101126043
17101126044
17101126045
17101126047
17101126048
17101126049
17101126050
17101126051
17101126052
17101126053
17101126054
17101126055
17101126056
17101126057
17101126058
17101126059
17101126060
17101126061
17101126062
18101126901
18101126902
18101126903
18101126904
18101126905
18101126906
18101126907
18101126908
18101126909
18101126911
18101126912
17102126001
17102126002
17102126003
17102126004
17102126005
17102126006
17102126007
17102126008
17102126009
17102126010
17102126011
17102126012
17102126013
17102126014
17102126015
17102126016
17102126017
17102126018
17102126019
17102126020
17102126021
17102126022
17102126023
17102126024
17102126025
17102126026
17102126027
17102126028
17102126029
17102126030
17102126031
17102126032
17102126033
17102126034
17102126035
17102126036
17102126037
17102126038
17102126039
17102126040
17102126041
17102126042
17102126043
17102126044
17102126045
17102126046
17102126047
17102126048
17102126049
17102126050
17102126051
17102126052
17102126053
17102126054
17102126055
17102126056
17102126057
17102126058
17102126059
17102126060
17102126061
17102126062
17102126063
18102126901
18102126902
18102126903
18102126904
18102126905
18102126906
18102126907
18102126908
18102126909
18102126910
18102126911
18102126912
17105126001
17105126002
17105126003
17105126004
17105126005
17105126006
17105126007
17105126008
17105126009
17105126010
17105126011
17105126012
17105126013
17105126014
17105126015
17105126016
17105126017
17105126018
17105126019
17105126020
17105126021
17105126022
17105126023
17105126024
17105126025
17105126026
17105126027
17105126028
17105126029
17105126030
17105126031
17105126032
17105126033
17105126034
17105126035
17105126036
17105126037
17105126038
17105126039
17105126040
17105126041
17105126042
17105126043
17105126044
17105126045
17105126046
17105126047
17105126048
17105126049
17105126050
17105126051
17105126052
17105126053
17105126054
17105126055
17105126056
17105126057
17105126058
17105126061
17105126062
18105126901
18105126902
18105126903
18105126904
18105126905
18105126906
18105126907
18105126908
18105126909
18105126910
18105126911
17110126001
17110126002
17110126003
17110126004
17110126005
17110126006
17110126008
17110126009
17110126010
17110126011
17110126012
17110126013
17110126014
17110126015
17110126016
17110126017
17110126018
17110126019
17110126020
17110126021
17110126022
17110126023
17110126024
17110126025
17110126026
17110126027
17110126028
17110126029
17110126030
17110126031
17110126032
17110126033
17110126034
17110126035
17110126036
17110126037
17110126038
17110126039
17110126040
17110126041
17110126042
17110126043
17110126044
17110126045
17110126046
17110126047
17110126048
17110126049
17110126050
17110126051
17110126052
17110126053
17110126054
17110126055
17110126056
17110126057
17110126058
17110126059
17110126060
17110126061
17110126062
17110126063
18110126901
18110126902
18110126903
18110126904
18110126905
18110126906
18110126907
18110126908
18110126909
18110126910
18110126911
17101127001
17101127002
17101127003
17101127004
17101127005
17101127007
17101127008
17101127009
17101127010
17101127011
17101127012
17101127013
17101127014
17101127015
17101127016
17101127017
17101127018
17101127019
17101127020
17101127021
17101127022
17101127023
17101127024
17101127025
17101127026
17101127027
17101127028
17101127029
17101127030
17101127031
17101127032
17101127033
17101127034
17101127035
17101127036
17101127037
17101127038
17101127039
17101127040
17101127041
17101127042
17101127043
17101127044
17101127045
17101127046
17101127047
17101127048
17101127049
17101127050
17101127052
17101127054
17101127055
18101127901
18101127902
18101127903
18101127904
18101127905
18101127906
18101127907
18101127908
18101127910
17102127001
17102127002
17102127003
17102127004
17102127005
17102127006
17102127007
17102127008
17102127009
17102127010
17102127011
17102127012
17102127013
17102127014
17102127015
17102127016
17102127017
17102127018
17102127019
17102127020
17102127021
17102127022
17102127023
17102127024
17102127025
17102127026
17102127027
17102127029
17102127030
17102127031
17102127032
17102127033
17102127034
17102127035
17102127036
17102127038
17102127039
17102127040
17102127041
17102127042
17102127043
17102127044
17102127045
17102127046
17102127047
17102127048
17102127049
17102127050
17102127051
18102127901
18102127902
18102127903
18102127904
18102127905
18102127906
18102127907
17103127001
17103127002
17103127003
17103127004
17103127005
17103127006
17103127007
17103127008
17103127009
17103127010
17103127011
17103127012
17103127013
17103127014
17103127015
17103127016
17103127017
17103127018
17103127019
17103127020
17103127021
17103127022
17103127023
17103127024
17103127025
17103127026
17103127027
17103127029
17103127030
17103127031
17103127032
17103127033
17103127034
17103127035
17103127036
17103127037
17103127038
17103127039
17103127040
17103127041
17103127042
17103127043
17103127044
17103127045
17103127046
17103127047
17103127048
17103127049
17103127050
17103127051
17103127052
17103127053
18103127901
18103127902
18103127903
18103127904
18103127905
18103127906
18103127907
18103127908
18103127909
17105127001
17105127002
17105127003
17105127004
17105127005
17105127006
17105127008
17105127009
17105127010
17105127011
17105127012
17105127013
17105127014
17105127015
17105127016
17105127017
17105127018
17105127019
17105127020
17105127021
17105127022
17105127023
17105127024
17105127025
17105127026
17105127027
17105127028
17105127029
17105127030
17105127031
17105127032
17105127033
17105127034
17105127035
17105127036
17105127037
17105127038
17105127039
17105127040
17105127041
17105127042
17105127043
17105127044
17105127045
17105127046
17105127047
17105127048
17105127049
17105127050
18105127901
18105127902
17101128001
17101128002
17101128003
17101128004
17101128005
17101128006
17101128007
17101128008
17101128009
17101128010
17101128011
17101128012
17101128013
17101128014
17101128015
17101128016
17101128017
17101128018
17101128019
17101128020
17101128021
17101128022
17101128023
17101128024
17101128025
17101128026
17101128027
17101128028
17101128029
17101128030
17101128031
17101128032
17101128033
17101128034
17101128035
17101128036
17101128037
17101128038
17101128039
17101128040
17101128041
17101128042
17101128043
17101128044
17101128045
17101128046
17101128047
17101128048
17101128049
17101128050
17101128051
17101128052
17101128053
17101128054
17101128055
17101128056
17101128057
17101128058
17101128059
17101128060
17101128061
17101128062
17101128063
18101128901
18101128902
18101128903
18101128904
18101128905
18101128907
18101128908
18101128909
18101128910
18101128911
17102128001
17102128002
17102128003
17102128004
17102128005
17102128006
17102128007
17102128008
17102128009
17102128010
17102128011
17102128012
17102128013
17102128014
17102128015
17102128016
17102128017
17102128018
17102128019
17102128020
17102128021
17102128022
17102128023
17102128024
17102128025
17102128026
17102128027
17102128028
17102128029
17102128030
17102128031
17102128032
17102128033
17102128034
17102128035
17102128036
17102128037
17102128038
17102128039
17102128040
17102128041
17102128042
17102128043
17102128044
17102128045
17102128046
17102128047
17102128048
17102128049
17102128050
17102128051
17102128052
17102128053
17102128054
17102128055
17102128056
17102128057
17102128058
17102128059
18102128901
18102128902
18102128903
18102128904
18102128905
18102128906
18102128907
17105128001
17105128002
17105128003
17105128004
17105128005
17105128006
17105128007
17105128008
17105128009
17105128010
17105128011
17105128012
17105128013
17105128014
17105128015
17105128016
17105128017
17105128018
17105128019
17105128020
17105128021
17101129001
17101129002
17101129003
17101129004
17101129005
17101129006
17101129007
17101129008
17101129009
17101129010
17101129011
17101129012
17101129013
17101129014
17101129015
17101129016
17101129017
17101129018
17101129019
17101129020
17101129021
17101129022
17101129023
17101129024
17101129025
17101129026
17101129027
17101129028
17101129029
17101129030
17101129031
17101129032
17101129033
17101129034
17101129035
17101129036
17101129037
17101129038
17101129039
17101129040
17101129041
17101129042
17101129043
17101129044
17101129045
17101129046
17101129047
17101129048
17101129049
17101129050
17101129051
17101129052
17101129053
17101129054
17101129055
17101129056
17101129057
17101129058
17101129059
17101129060
17101129061
17101129062
17101129063
17101129064
18101129901
18101129902
18101129903
18101129904
18101129905
18101129906
18101129907
18101129908
18101129909
18101129910
18101129911
17102129001
17102129002
17102129003
17102129004
17102129005
17102129006
17102129007
17102129008
17102129009
17102129010
17102129011
17102129012
17102129013
17102129014
17102129015
17102129016
17102129017
17102129018
17102129019
17102129020
17102129021
17102129022
17102129023
17102129024
17102129025
17102129026
17102129027
17102129028
17102129029
17102129030
17102129031
17102129032
17102129033
17102129034
17102129035
17102129036
17102129037
17102129038
17102129039
17102129040
17102129041
17102129042
17102129043
17102129044
17102129045
17102129046
17102129047
17102129048
17102129049
17102129050
17102129051
17102129052
17102129053
17102129054
17102129056
17102129057
17102129058
18102129901
18102129902
18102129903
18102129904
18102129905
18102129906
18102129907
18102129908
17105129001
17105129002
17105129003
17105129004
17105129005
17105129006
17105129007
17105129008
17105129009
17105129010
17105129011
17105129012
17105129013
17105129014
17105129015
17105129016
17105129017
17105129018
17105129019
17105129020
17105129021
17105129022
17105129023
17105129024
17105129025
17105129026
17105129027
17105129028
17105129029
17105129030
17105129031
17105129032
17105129033
17105129034
17105129035
17105129036
17105129037
17105129038
17105129039
17105129040
17105129041
17105129042
17105129043
17105129044
17105129045
17105129046
17105129047
17105129048
17105129049
17105129050
17105129051
17105129052
18105129901
18105129902
17101130001
17101130002
17101130003
17101130004
17101130005
17101130006
17101130007
17101130008
17101130009
17101130010
17101130011
17101130012
17101130013
17101130014
17101130015
17101130016
17101130017
17101130018
17101130019
17101130020
17101130021
17101130022
17101130023
17101130024
17101130025
17101130026
17101130027
17101130028
17101130029
17101130030
17101130031
17101130032
17101130033
17101130034
17101130035
17101130036
17101130037
17101130038
17101130039
17101130040
17101130041
17101130042
17101130043
17101130044
17101130045
17101130046
17101130047
17101130048
17101130049
17101130050
17101130051
17101130052
17101130053
17101130054
17101130055
17101130056
17101130057
17101130058
17101130059
17101130060
17101130061
18101130901
18101130902
18101130903
18101130904
18101130905
18101130906
18101130907
18101130908
18101130909
18101130910
18101130911
17102130001
17102130002
17102130003
17102130004
17102130005
17102130006
17102130007
17102130008
17102130009
17102130010
17102130011
17102130012
17102130013
17102130014
17102130015
17102130016
17102130017
17102130018
17102130019
17102130020
17102130021
17102130022
17102130023
17102130024
17102130025
17102130026
17102130027
17102130028
17102130029
17102130030
17102130031
17102130032
17102130033
17102130034
17102130035
17102130036
17102130037
17102130038
17102130039
17102130040
17102130041
17102130042
17102130043
17102130044
17102130045
17102130046
17102130047
17102130048
17102130049
17102130050
17102130051
17102130052
17102130053
17102130054
17102130055
17102130056
17102130057
17102130058
17102130059
17102130060
18102130901
18102130902
18102130903
18102130904
17103130001
17103130002
17103130003
17103130004
17103130005
17103130006
17103130007
17103130008
17103130009
17103130010
17103130011
17103130012
17103130013
17103130014
17103130015
17103130016
17103130017
17103130018
17103130019
17103130020
17103130021
17103130022
17103130023
17103130024
17103130025
17103130026
17103130027
17103130028
17103130029
17103130030
17103130031
17103130032
17103130033
17103130034
17103130035
17103130036
17103130037
17103130038
17103130039
17103130040
17103130041
17103130042
17103130043
17103130044
17103130045
17103130046
17103130047
17103130048
17103130049
17103130050
17103130051
17103130052
17103130053
17103130054
17103130055
17103130056
17103130057
17103130058
18103130901
18103130902
18103130904
18103130905
18103130906
17104130001
17104130002
17104130003
17104130004
17104130005
17104130006
17104130007
17104130008
17104130009
17104130010
17104130011
17104130012
17104130013
17104130014
17104130015
17104130016
17104130017
17104130018
17104130019
17104130020
17104130021
17104130022
17104130023
17104130024
17104130025
17104130026
17104130027
17104130028
17104130029
17104130030
17104130031
17104130032
17104130033
17104130034
17104130035
17104130036
17104130037
17104130038
17104130039
18104130901
18104130902
18104130903
18104130904
18104130905
18104130906
18104130907
17101131001
17101131002
17101131003
17101131004
17101131005
17101131006
17101131007
17101131008
17101131009
17101131010
17101131011
17101131012
17101131013
17101131014
17101131015
17101131016
17101131017
17101131018
17101131019
17101131020
17101131021
17101131022
17101131023
17101131024
17101131025
17101131026
17101131027
17101131028
17101131029
17101131030
17101131031
17101131032
17101131033
17101131034
17101131035
17101131036
17101131037
17101131038
17101131039
17101131040
17101131041
17101131042
17101131043
17101131044
17101131045
17101131046
17101131047
17101131048
17101131049
17101131050
17101131051
17101131052
17101131053
17101131054
17101131055
17101131056
17101131057
17101131058
17101131059
17101131061
18101131901
18101131902
18101131903
18101131904
18101131905
18101131906
18101131907
18101131908
18101131909
18101131911
17102131001
17102131002
17102131003
17102131004
17102131006
17102131007
17102131008
17102131009
17102131010
17102131011
17102131012
17102131013
17102131014
17102131015
17102131016
17102131017
17102131018
17102131019
17102131020
17102131021
17102131022
17102131023
17102131024
17102131025
17102131026
17102131027
17102131028
17102131029
17102131030
17102131031
17102131032
17102131033
17102131034
17102131035
17102131036
17102131037
17102131038
17102131039
17102131040
17102131041
17102131042
17102131043
17102131044
17102131045
17102131046
17102131047
17102131048
17102131049
17102131050
17102131051
17102131052
17102131053
17102131054
17102131056
17102131057
17102131058
17102131059
17102131060
18102131901
18102131902
18102131903
18102131904
18102131905
18102131906
17103131001
17103131002
17103131003
17103131004
17103131005
17103131006
17103131007
17103131008
17103131009
17103131010
17103131011
17103131012
17103131013
17103131014
17103131015
17103131016
17103131017
17103131019
17103131020
17103131021
17103131022
17103131023
17103131024
17103131025
17103131026
17103131027
17103131028
17103131029
17103131030
17103131031
17103131032
17103131033
17103131034
17103131036
17103131037
17103131038
17103131039
17103131040
17103131041
17103131042
17103131043
17103131044
17103131045
17103131046
17103131047
17103131048
17103131049
17103131050
17103131051
17103131052
17103131053
17103131054
17103131055
17103131056
17103131057
17103131058
17103131059
17103131060
17103131061
17103131062
18103131901
18103131902
18103131903
18103131904
18103131905
18103131906
18103131907
18103131908
18103131909
18103131910
18103131911
17104131001
17104131002
17104131003
17104131004
17104131005
17104131006
17104131007
17104131008
17104131009
17104131010
17104131011
17104131012
17104131013
17104131014
17104131015
17104131016
17104131017
17104131018
17104131019
17104131020
17104131021
17104131022
17104131023
17104131024
17104131025
17104131026
17104131027
17104131028
17104131029
17104131030
17104131031
17104131032
17104131033
17104131034
17104131035
17104131036
17104131037
17104131038
17104131039
17104131040
17104131041
17104131042
17104131043
17104131044
17104131045
17104131046
17104131047
17104131048
17104131049
17104131050
17104131051
17104131052
17104131053
17104131054
17104131055
18104131901
18104131902
18104131903
18104131904
18104131905
18104131906
18104131907
17101132001
17101132002
17101132003
17101132004
17101132005
17101132006
17101132007
17101132008
17101132009
17101132010
17101132011
17101132012
17101132013
17101132014
17101132015
17101132016
17101132017
17101132018
17101132019
17101132020
17101132021
17101132022
17101132023
17101132024
17101132025
17101132026
17101132027
17101132028
17101132029
17101132030
17101132031
17101132032
17101132033
17101132034
17101132035
17101132036
17101132037
17101132038
17101132039
17101132040
17101132041
17101132042
17101132043
17101132044
17101132045
17101132046
17101132047
17101132048
17101132049
17101132050
17101132051
18101132901
18101132902
18101132903
18101132904
18101132905
18101132906
18101132907
18101132908
18101132909
17102132001
17102132002
17102132003
17102132004
17102132005
17102132006
17102132007
17102132008
17102132009
17102132010
17102132011
17102132012
17102132013
17102132014
17102132015
17102132016
17102132017
17102132018
17102132019
17102132020
17102132021
17102132022
17102132023
17102132024
17102132025
17102132026
17102132027
17102132028
17102132029
17102132030
17102132031
17102132032
17102132033
17102132034
17102132035
17102132036
17102132037
17102132038
17102132039
17102132040
17102132041
17102132042
17102132043
17102132044
17102132045
17102132046
17102132047
17102132048
17102132049
17102132050
17102132051
17102132052
17102132053
17102132054
17102132055
17102132056
18102132901
18102132902
18102132903
18102132904
18102132905
18102132906
18102132907
18102132908
18102132909
18102132910
17103132001
17103132002
17103132003
17103132004
17103132005
17103132006
17103132007
17103132008
17103132009
17103132010
17103132011
17103132012
17103132013
17103132014
17103132015
17103132016
17103132017
17103132018
17103132019
17103132020
17103132021
17103132022
17103132023
17103132024
17103132025
17103132026
17103132027
17103132028
17103132029
17103132030
17103132031
17103132032
17103132033
17103132034
17103132035
17103132036
17103132037
17103132038
17103132039
17103132040
17103132041
17103132042
17103132043
17103132044
17103132045
17103132046
17103132047
17103132048
17103132049
17103132050
17103132051
17103132052
17103132053
17103132054
17103132055
17103132056
17103132057
17103132058
18103132901
18103132902
18103132903
18103132904
18103132905
18103132906
18103132907
18103132908
18103132909
18103132910
17104132001
17104132002
17104132003
17104132004
17104132005
17104132006
17104132007
17104132008
17104132009
17104132010
17104132011
17104132012
17104132013
17104132014
17104132015
17104132016
17104132017
17104132018
17104132019
17104132020
17104132021
17104132022
17104132023
17104132024
17104132025
17104132026
17104132027
17104132028
17104132029
17104132030
17104132031
17104132032
17104132033
17104132034
17104132035
17104132036
17104132037
17104132038
17104132039
17104132040
17104132041
17104132042
17104132043
17104132044
17104132045
17104132046
17104132047
17104132048
17104132049
18104132901
18104132902
18104132903
18104132904
18104132905
18104132906
18104132907
18104132908