18102102001
18102102002
18102102003
18102102004
18102102005
18102102006
18102102007
18102102008
18102102009
18102102010
18102102011
18102102012
18102102013
18102102014
18102102015
18105102001
18105102002
18105102003
18105102004
18105102005
18105102006
18105102007
18105102008
18105102009
18105102010
18105102011
18105102012
18105102013
18105102014
18105102015
18105102016
18105102017
18105102018
18105102019
18105102020
18105102021
18105102022
18105102023
18105102024
18105102025
18105102026
18105102027
18105102028
18105102029
18105102030
18105102031
18105102032
18110102001
18110102002
18110102003
18110102004
18110102005
18110102006
18110102007
18110102008
18110102009
18110102010
18110102011
18110102012
18110102013
18110102014
18110102015
18101103001
18101103002
18101103003
18101103004
18101103005
18101103006
18101103007
18101103008
18101103009
18101103010
18101103011
18101103012
18101103013
18101103014
18101103015
18101103016
18101103017
18101103018
18101103019
18101103020
18101103021
18101103022
18101103023
18101103024
18101103025
18101103026
18101103027
18101103028
18101103029
18101103030
18101103031
18101103032
18101103033
18101103034
18101103035
18101103036
18101103037
18101103038
18101103039
18101103040
18101103041
18101103042
18101103043
18101103044
18101103045
18101103046
18101103047
18101103048
18101103049
18101103050
18101103051
18101103052
18101103053
18101103054
18101103055
18101103056
18101103057
18101103058
18101103059
18101103060
18101103061
18101103062
18101103063
18101103064
18101103065
18101103066
18101103067
18101103068
18102103001
18102103002
18102103003
18102103004
18102103005
18102103006
18102103007
18102103008
18102103009
18102103010
18102103011
18102103012
18102103013
18102103014
18102103015
18102103016
18102103017
18102103018
18102103019
18102103020
18102103021
18102103022
18102103023
18102103024
18102103025
18104103001
18104103002
18104103003
18104103004
18104103005
18104103006
18104103007
18105103001
18105103002
18105103003
18105103004
18105103005
18105103006
18105103007
18105103008
18105103009
18105103010
18105103011
18105103012
18105103013
18105103014
18105103015
18105103016
18105103017
18105103018
18105103019
18105103020
18105103021
18105103022
18105103023
18105103024
18105103025
18105103026
18105103027
18105103028
18105103029
18105103030
18105103031
18105103032
18105103033
18105103034
18105103035
18105103036
18105103037
18105103038
18105103039
18105103040
18105103041
18105103042
18105103043
18105103044
18105103045
18105103046
18105103047
18105103048
18105103049
18105103050
18101106001
18101106002
18101106003
18101106004
18101106005
18101106006
18101106007
18101106008
18101106009
18101106010
18101106011
18101106012
18101106013
18101106014
18101106015
18101106016
18101106017
18101106018
18102106001
18102106002
18102106003
18102106004
18102106005
18102106006
18102106007
18102106008
18103106001
18103106002
18103106003
18102107001
18102107002
18102107003
18102107004
18102107005
18102107006
18102107007
18102107008
18102107009
18102107010
18102107011
18102107012
18102107013
18102107014
18102107015
18102107016
18102107017
18102107018
18102107019
18102107020
18102107021
18102107022
18102107023
18102107024
18102107025
18102107026
18102107027
18102107028
18102107029
18102107030
18102107031
18102107032
18102107033
18102107034
18102107035
18102107036
18102107037
18102107038
18102107039
18102107040
18102107041
18102107042
18102107043
18102107044
18102107045
18102107046
18102107047
18102107048
18102107049
18102107050
18102107051
18102107052
18102107053
18102107054
18102107055
18102107056
18102107057
18103107001
18103107002
18103107003
18103107004
18103107005
18103107006
18103107007
18103107008
18103107009
18103107010
18103107011
18103107012
18103107013
18103107014
18103107015
18103107016
18103107017
18103107018
18103107019
18103107020
18103107021
18103107022
18103107023
18103107024
18103107025
18103107026
18103107027
18103107028
18103107029
18103107030
18103107031
18103107032
18103107033
18103107034
18103107035
18103107036
18103107037
18103107038
18103107039
18103107040
18103107041
18103107042
18103107043
18103107044
18103107045
18103107046
18103107047
18103107048
18103107049
18103107050
18103107051
18103107052
18103107053
18103107054
18103107055
18103107056
18103107057
18103107058
18103107059
18103107060
18103107061
18103107063
18106107001
18106107002
18106107003
18106107004
18106107005
18106107006
18106107007
18106107008
18106107009
18106107010
18106107011
18106107012
18106107013
18106107014
18106107015
18106107016
18106107017
18106107018
18106107019
18106107020
18106107021
18106107022
18106107023
18106107024
18106107025
18106107026
18106107027
18106107028
18106107029
18106107030
18106107031
18106107032
18106107033
18106107034
18101108001
18101108002
18101108003
18101108004
18101108005
18101108006
18101108007
18101108008
18101108009
18101108010
18101108011
18101108012
18101108013
18101108014
18101108015
18101108016
18101108017
18101108018
18101108019
18101108020
18101108021
18101108022
18101108023
18101108024
18101108025
18101108026
18101108027
18101108028
18101108029
18101108030
18101108031
18101108032
18101108033
18101108034
18101108035
18101108036
18101108037
18101108038
18101108039
18101108040
18101108041
18101108042
18101108043
18101108044
18101108045
18101108046
18101108047
18101108048
18101108049
18101108050
18101108053
18101108054
18101108055
18101108056
18101108057
18101108058
18101108059
18101108060
18102108001
18102108002
18102108003
18102108004
18102108005
18102108006
18102108007
18102108008
18102108009
18102108010
18102108011
18102108012
18102108013
18102108014
18102108015
18102108016
18102108017
18102108018
18102108019
18102108020
18102108021
18102108022
18102108023
18102108024
18102108025
18102108026
18102108027
18102108028
18102108029
18102108030
18102108031
18102108032
18102108033
18102108034
18102108035
18102108036
18102108037
18102108038
18102108039
18102108040
18102108041
18102108042
18102108043
18102108044
18102108045
18102108046
18102108047
18102108048
18102108049
18102108050
18102108051
18102108052
18102108053
18102108054
18102108055
18102108056
18102108057
18102108059
18103108001
18103108002
18103108003
18103108004
18103108005
18103108006
18103108007
18103108008
18103108009
18103108010
18103108011
18103108012
18103108013
18103108014
18103108015
18103108016
18103108017
18103108018
18103108019
18103108020
18103108021
18103108022
18103108023
18103108024
18103108025
18103108026
18103108027
18103108028
18103108029
18103108030
18103108031
18103108032
18103108033
18103108034
18103108035
18103108036
18103108037
18103108038
18103108039
18103108040
18103108041
18103108042
18103108043
18103108044
18103108045
18103108046
18103108047
18103108048
18103108049
18103108050
18103108051
18103108052
18103108053
18103108055
18103108056
18104108001
18104108002
18104108003
18104108004
18104108005
18104108006
18104108007
18104108008
18104108009
18104108010
18104108011
18104108012
18104108013
18104108014
18104108015
18104108016
18104108017
18104108018
18104108019
18104108020
18104108021
18104108022
18104108023
18104108024
18104108025
18104108026
18104108027
18104108028
18104108029
18104108030
18104108031
18104108032
18104108033
18104108034
18104108035
18104108036
18104108037
18104108038
18104108039
18104108040
18104108041
18104108042
18104108043
18104108044
18104108045
18104108046
18104108047
18104108048
18104108049
18104108050
18104108051
18104108052
18104108053
18104108054
18104108055
18104108056
18104108057
18104108058
18104108059
18104108060
18101109001
18101109002
18101109003
18101109004
18101109005
18101109006
18101109007
18101109008
18101109009
18101109010
18101109011
18101109012
18101109013
18101109014
18101109015
18101109016
18101109017
18101109018
18101109019
18101109020
18101109021
18101109022
18101109023
18101109024
18101109025
18101109026
18101109027
18101109028
18101109029
18101109030
18101109031
18101109032
18101109033
18101109034
18101109035
18101109036
18101109037
18101109038
18101109039
18101109040
18101109041
18101109042
18101109043
18101109044
18101109045
18101109046
18101109047
18101109048
18101109049
18101109050
18101109051
18101109052
18101109053
18101109054
18101109055
18101109056
18101109057
18101109058
18105109001
18105109002
18105109003
18105109004
18105109005
18105109006
18105109007
18105109008
18105109009
18105109010
18105109011
18105109012
18105109013
18105109014
18105109015
18105109016
18105109017
18105109018
18105109019
18105109020
18105109021
18105109022
18105109023
18105109024
18105109025
18105109026
18105109027
18105109028
18105109029
18105109030
18105109031
18105109032
18105109033
18105109034
18105109035
18105109036
18105109037
18105109038
18105109039
18105109040
18105109041
18105109042
18105109043
18105109044
18105109045
18105109046
18105109047
18105109048
18105109049
18105109050
18105109051
18105109052
18101111002
18101111003
18101111004
18101111005
18101111006
18101111007
18101111008
18101111009
18101111010
18101111011
18101111012
18101111013
18101111014
18101111015
18101111016
18101111017
18101111018
18101111019
18101111020
18101111021
18101111022
18101111023
18101111024
18101111025
18101111026
18101111027
18101111028
18101111029
18101111030
18101111031
18101111032
18101111033
18101111034
18101111035
18101111036
18101111037
18101111038
18101111039
18101111040
18101111041
18101111042
18101111043
18101111044
18101111045
18101111046
18101111047
18101111048
18101111049
18101111050
18101111051
18101111052
18101111053
18101111054
18101111055
18101111056
18101111057
18101111058
18101111059
18102111001
18102111002
18102111003
18102111004
18102111005
18102111006
18102111007
18102111008
18102111009
18102111010
18102111011
18102111012
18102111013
18102111014
18102111015
18102111016
18102111017
18102111018
18102111019
18102111020
18102111021
18102111022
18102111023
18102111024
18102111025
18102111026
18102111027
18102111028
18102111029
18102111030
18102111031
18102111032
18102111033
18102111034
18102111035
18102111036
18102111037
18102111038
18102111039
18102111040
18102111041
18102111042
18102111043
18102111044
18102111045
18102111046
18102111047
18102111048
18102111049
18105111002
18105111003
18105111006
18105111007
18105111008
18105111009
18105111010
18105111011
18105111012
18105111013
18105111014
18105111015
18105111016
18105111017
18105111018
18105111019
18105111020
18105111021
18105111022
18105111023
18105111024
18105111025
18105111026
18105111027
18105111028
18105111029
18105111030
18105111031
18105111032
18105111033
18105111034
18105111035
18105111036
18105111037
18105111038
18105111039
18105111040
18105111041
18105111042
18105111043
18105111044
18105111045
18105111046
18105111047
18105111048
18105111049
18105111050
18105111051
18105111052
18101113004
18101113005
18101113006
18101113007
18101113008
18101113009
18101113010
18101113011
18101113012
18101113013
18101113014
18101113015
18101113016
18101113017
18101113018
18101113019
18101113020
18101113021
18101113022
18101113023
18101113024
18101113025
18101113026
18101113027
18101113028
18101113029
18101113030
18101113031
18101113032
18101113033
18101113034
18101113035
18101113036
18101113037
18101113038
18101113039
18101113040
18101113041
18101113042
18101113043
18101113044
18101113045
18101113046
18101113047
18101113048
18101113049
18101113050
18101113051
18101113052
18101113053
18101113054
18101113055
18101113056
18101113057
18101113058
18101113059
18101113060
18101113061
18101113062
18102113001
18102113002
18102113003
18102113004
18102113005
18102113006
18102113007
18102113008
18102113009
18102113010
18102113011
18102113012
18102113013
18102113014
18102113015
18102113016
18102113017
18102113018
18102113019
18102113020
18102113021
18102113022
18102113023
18102113024
18102113025
18102113026
18102113027
18102113028
18102113029
18102113030
18102113031
18102113032
18102113033
18102113034
18102113035
18102113036
18102113037
18102113038
18102113039
18102113040
18102113041
18102113042
18102113043
18102113044
18102113045
18102113046
18102113047
18102113048
18102113049
18102113050
18102113051
18102113052
18102113053
18102113054
18102113055
18105113001
18105113002
18105113003
18105113004
18105113005
18105113006
18105113010
18105113011
18105113012
18105113013
18105113014
18105113015
18105113016
18105113017
18105113018
18105113019
18105113020
18105113021
18105113022
18105113023
18105113024
18105113025
18105113026
18105113027
18105113028
18105113029
18105113030
18105113031
18105113032
18105113033
18105113034
18105113035
18105113036
18105113037
18105113038
18105113039
18105113040
18105113041
18105113042
18105113043
18105113044
18105113045
18105113046
18105113047
18105113048
18105113049
18105113050
18105113051
18105113052
18105113053
18105113054
18105113055
18105113056
18105113057
18105113058
18101117001
18101117002
18101117003
18101117004
18101117005
18101117006
18101117007
18101117008
18101117009
18101117010
18101117011
18101117012
18101117013
18101117014
18101117015
18101117016
18101117017
18101117018
18101117019
18101117020
18101117021
18101117022
18101117023
18101117024
18101117025
18101117026
18101117027
18101117028
18101117029
18101117030
18101117031
18101117032
18101117033
18101117034
18101117035
18101117036
18101117037
18101117038
18101117039
18101117040
18101117041
18101117042
18101117043
18101117044
18101117045
18101117046
18101117047
18101117048
18101117049
18101117050
18101117051
18101117052
18101117053
18101117054
18101117055
18101117056
18101117057
18102117001
18102117002
18102117003
18102117004
18102117005
18102117006
18102117007
18102117008
18102117009
18102117010
18102117011
18102117012
18102117013
18102117014
18102117015
18102117016
18102117017
18102117018
18102117019
18102117020
18102117021
18102117022
18102117023
18102117024
18102117025
18102117026
18102117027
18102117028
18102117029
18102117030
18102117031
18102117032
18102117033
18102117034
18102117035
18102117036
18102117037
18102117038
18102117039
18102117040
18102117041
18102117042
18102117043
18102117044
18102117045
18102117046
18102117047
18102117049
18102117050
18102117051
18105117001
18105117002
18105117003
18105117004
18105117005
18105117006
18105117007
18105117008
18105117009
18105117010
18105117011
18105117012
18105117013
18105117014
18105117015
18105117016
18105117017
18105117018
18105117019
18105117020
18105117021
18105117022
18105117023
18105117024
18105117025
18105117026
18105117027
18105117028
18105117029
18105117030
18105117031
18105117032
18105117033
18105117034
18105117035
18105117036
18105117037
18105117038
18105117039
18105117040
18105117041
18105117042
18105117043
18105117044
18105117045
18105117046
18105117047
18105117048
18105117049
18105117050
18105117052
18101121001
18101121002
18102121001
18102121002
18103121001
18101123001
18101123002
18101123003
18101123004
18101123005
18101123006
18101123007
18101123008
18101123009
18101123010
18101123011
18101123012
18101123013
18101123014
18101123015
18101123016
18102123001
18102123002
18102123003
18102123004
18102123005
18102123006
18102123007
18102123008
18102123009
18102123010
18102123011
18102123012
18102123013
18102123014
18102123015
18102123016
18102123017
18102123018
18102123019
18102123020
18102123021
18102123022
18103123001
18103123002
18103123003
18103123004
18103123005
18103123006
18103123007
18101124001
18101124002
18101124003
18101124004
18101124005
18101124006
18101124007
18101124008
18101124009
18101124010
18101124011
18101124012
18101124013
18101124014
18101124015
18101124016
18101124018
18101124019
18101124020
18101124021
18101124022
18101124023
18101124024
18101124025
18101124026
18101124027
18101124028
18101124029
18101124030
18101124031
18101124032
18101124033
18101124034
18101124035
18101124036
18101124037
18101124038
18101124039
18101124040
18101124041
18101124042
18101124043
18101124044
18101124045
18101124046
18101124047
18101124048
18101124049
18101124050
18101124051
18101124052
18102124001
18102124002
18102124003
18102124004
18102124005
18102124006
18102124007
18102124008
18102124009
18102124010
18102124011
18102124012
18102124013
18102124014
18102124015
18102124016
18102124017
18102124018
18102124019
18102124020
18102124021
18102124022
18102124023
18102124024
18102124025
18102124026
18102124027
18102124028
18102124029
18102124030
18102124031
18102124033
18102124034
18102124035
18102124036
18102124037
18102124038
18102124039
18102124040
18102124041
18102124042
18102124043
18102124044
18102124045
18102124046
18102124047
18102124048
18102124049
18102124051
18102124052
18102124054
18102124055
18102124056
18102124057
18105124001
18105124002
18105124003
18105124004
18105124005
18105124006
18105124007
18105124008
18105124009
18105124010
18105124011
18105124012
18105124013
18105124014
18105124015
18105124016
18105124017
18105124018
18105124019
18105124020
18105124021
18105124022
18105124023
18105124024
18105124025
18105124026
18105124027
18105124028
18105124029
18105124030
18105124031
18105124032
18105124033
18105124034
18105124035
18105124036
18105124037
18105124038
18105124039
18105124040
18105124041
18105124042
18105124043
18105124044
18105124045
18105124046
18105124047
18105124048
18105124049
18105124050
18105124051
18105124052
18105124053
18101125001
18101125002
18101125003
18101125004
18101125005
18101125006
18101125007
18101125008
18101125009
18101125010
18101125011
18101125012
18101125013
18101125014
18101125015
18101125016
18101125017
18101125018
18101125019
18101125020
18101125021
18101125022
18101125023
18101125024
18101125025
18101125026
18101125027
18101125028
18101125029
18101125030
18101125031
18101125032
18101125033
18101125034
18101125035
18101125036
18101125037
18101125038
18101125039
18101125040
18101125041
18101125042
18101125043
18101125044
18101125045
18101125046
18101125047
18101125048
18101125049
18101125050
18101125051
18101125052
18101125053
18101125054
18101125055
18101125056
18101125057
18101125058
18102125001
18102125002
18102125003
18102125004
18102125005
18102125006
18102125007
18102125008
18102125009
18102125010
18102125011
18102125012
18102125013
18102125014
18102125015
18102125016
18102125017
18102125018
18102125019
18102125020
18102125021
18102125022
18102125023
18102125024
18102125025
18102125026
18102125027
18102125028
18102125029
18102125030
18102125031
18102125032
18102125033
18102125034
18102125035
18102125036
18102125037
18102125038
18102125039
18102125040
18102125041
18102125042
18102125043
18102125044
18102125045
18102125046
18102125047
18102125048
18102125049
18102125050
18102125051
18102125052
18102125053
18102125054
18102125055
18105125001
18105125002
18105125003
18105125004
18105125005
18105125006
18105125007
18105125008
18105125009
18105125010
18105125011
18105125012
18105125013
18105125014
18105125015
18105125016
18105125017
18105125018
18105125019
18105125020
18105125021
18105125022
18105125023
18105125024
18105125025
18105125026
18105125027
18105125028
18105125029
18105125030
18105125031
18105125032
18105125033
18105125034
18105125035
18105125036
18105125037
18105125038
18105125039
18105125040
18105125041
18105125042
18105125043
18105125044
18105125045
18105125046
18105125049
18101126001
18101126002
18101126003
18101126004
18101126005
18101126006
18101126007
18101126008
18101126009
18101126010
18101126011
18101126012
18101126013
18101126014
18101126015
18101126016
18101126017
18101126018
18101126019
18101126020
18101126021
18101126022
18101126023
18101126024
18101126025
18101126026
18101126027
18101126028
18101126029
18101126030
18101126031
18101126032
18101126033
18101126034
18101126035
18101126036
18101126037
18101126038
18101126039
18101126040
18101126041
18101126042
18101126043
18101126044
18101126045
18101126046
18101126047
18101126048
18101126049
18101126050
18101126051
18101126052
18101126053
18101126054
18101126055
18101126056
18101126057
18102126001
18102126002
18102126003
18102126004
18102126005
18102126006
18102126007
18102126008
18102126009
18102126010
18102126011
18102126012
18102126013
18102126014
18102126015
18102126016
18102126017
18102126018
18102126019
18102126020
18102126021
18102126022
18102126023
18102126024
18102126025
18102126026
18102126028
18102126029
18102126030
18102126031
18102126032
18102126033
18102126034
18102126035
18102126036
18102126037
18102126038
18102126039
18102126040
18102126041
18102126042
18102126043
18102126044
18102126045
18102126046
18102126047
18102126048
18102126049
18102126050
18102126051
18102126052
18102126054
18102126055
18102126056
18102126058
18105126001
18105126002
18105126003
18105126004
18105126005
18105126006
18105126007
18105126008
18105126009
18105126010
18105126011
18105126012
18105126013
18105126014
18105126015
18105126016
18105126017
18105126018
18105126019
18105126020
18105126021
18105126022
18105126023
18105126024
18105126025
18105126026
18105126027
18105126028
18105126029
18105126030
18105126031
18105126032
18105126033
18105126034
18105126035
18105126036
18105126037
18105126038
18105126039
18105126040
18105126041
18105126042
18105126043
18105126044
18105126045
18105126046
18105126047
18105126048
18105126049
18105126050
18105126051
18105126052
18105126054
18105126055
18105126056
18105126057
18110126001
18110126002
18110126003
18110126004
18110126005
18110126006
18110126007
18110126008
18110126009
18110126010
18110126011
18110126012
18110126013
18110126014
18110126015
18110126016
18110126017
18110126018
18110126019
18110126020
18110126021
18110126022
18110126023
18110126024
18110126025
18110126026
18110126027
18110126028
18110126029
18110126030
18110126031
18110126032
18110126033
18110126034
18110126035
18110126036
18110126037
18110126038
18110126039
18110126040
18110126041
18110126042
18110126043
18110126044
18110126045
18110126046
18110126047
18110126048
18110126049
18110126050
18110126051
18110126052
18110126053
18110126054
18110126055
18110126056
18110126057
18110126058
18110126059
18101127001
18101127002
18101127003
18101127004
18101127005
18101127006
18101127007
18101127008
18101127009
18101127010
18101127011
18101127012
18101127013
18101127014
18101127015
18101127016
18101127017
18101127018
18101127020
18101127021
18101127022
18101127023
18101127024
18101127025
18101127026
18101127027
18101127028
18101127029
18101127030
18101127031
18101127032
18101127033
18101127034
18101127035
18101127036
18101127037
18101127038
18101127039
18101127040
18101127041
18101127042
18101127043
18101127044
18101127045
18101127046
18101127047
18101127048
18101127049
18101127050
18101127051
18101127052
18101127053
18101127054
18101127055
18101127056
18101127057
18102127001
18102127002
18102127003
18102127004
18102127005
18102127006
18102127007
18102127008
18102127009
18102127010
18102127011
18102127012
18102127013
18102127014
18102127015
18102127016
18102127017
18102127018
18102127019
18102127020
18102127021
18102127022
18102127023
18102127024
18102127025
18102127026
18102127027
18102127028
18102127029
18102127030
18102127031
18102127032
18102127033
18102127034
18102127035
18102127036
18102127037
18102127038
18102127039
18102127040
18102127041
18102127042
18102127043
18102127044
18102127045
18102127046
18102127047
18102127048
18102127049
18102127050
18103127001
18103127002
18103127003
18103127004
18103127005
18103127006
18103127007
18103127008
18103127009
18103127010
18103127011
18103127012
18103127013
18103127014
18103127015
18103127016
18103127017
18103127018
18103127019
18103127020
18103127021
18103127022
18103127023
18103127024
18103127025
18103127026
18103127027
18103127028
18103127029
18103127030
18103127031
18103127032
18103127033
18103127034
18103127035
18103127036
18103127037
18103127038
18103127039
18103127040
18103127041
18103127042
18103127043
18103127044
18103127045
18103127046
18103127047
18103127048
18103127049
18103127050
18103127053
18103127054
18103127055
18103127056
18105127001
18105127002
18105127003
18105127004
18105127005
18105127006
18105127007
18105127008
18105127009
18105127010
18105127011
18105127012
18105127013
18105127014
18105127015
18105127016
18105127017
18105127018
18105127019
18105127020
18105127021
18105127022
18105127023
18105127024
18105127025
18105127026
18105127027
18105127028
18105127029
18105127030
18105127031
18105127032
18105127033
18105127034
18105127035
18105127036
18105127037
18105127038
18105127039
18105127040
18105127041
18105127042
18105127043
18105127044
18105127045
18105127046
18105127047
18105127048
18105127049
18105127050
18105127051
18101128001
18101128002
18101128003
18101128004
18101128005
18101128006
18101128007
18101128008
18101128009
18101128010
18101128011
18101128012
18101128013
18101128014
18101128015
18101128016
18101128017
18101128018
18101128019
18101128020
18101128021
18101128022
18101128023
18101128024
18101128025
18101128026
18101128027
18101128028
18101128029
18101128030
18101128031
18101128032
18101128033
18101128034
18101128035
18101128037
18101128038
18101128039
18101128040
18101128041
18101128042
18101128043
18101128044
18101128045
18101128047
18101128048
18101128049
18101128050
18101128051
18101128052
18101128053
18101128054
18101128055
18101128056
18102128001
18102128002
18102128003
18102128004
18102128005
18102128006
18102128007
18102128008
18102128009
18102128010
18102128011
18102128012
18102128013
18102128014
18102128015
18102128016
18102128017
18102128018
18102128019
18102128020
18102128021
18102128022
18102128023
18102128024
18102128025
18102128026
18102128027
18102128028
18102128029
18102128030
18102128031
18102128032
18102128033
18102128034
18102128035
18102128036
18102128037
18102128038
18102128039
18102128040
18102128041
18102128042
18102128043
18102128044
18102128045
18102128046
18102128047
18102128048
18102128049
18102128051
18102128052
18105128001
18105128002
18105128003
18105128004
18105128005
18105128006
18105128007
18105128008
18105128009
18105128010
18105128011
18105128012
18105128013
18105128014
18105128015
18105128016
18105128017
18105128018
18105128019
18105128020
18105128021
18105128022
18105128023
18105128024
18105128025
18105128026
18105128027
18105128028
18105128029
18105128030
18105128031
18105128032
18105128033
18105128034
18105128035
18105128036
18105128037
18105128038
18105128039
18105128040
18105128041
18105128042
18105128043
18105128044
18105128045
18101129001
18101129002
18101129003
18101129004
18101129005
18101129006
18101129007
18101129008
18101129009
18101129010
18101129011
18101129012
18101129013
18101129014
18101129015
18101129016
18101129017
18101129018
18101129019
18101129020
18101129021
18101129022
18101129023
18101129024
18101129025
18101129026
18101129027
18101129028
18101129029
18101129030
18101129031
18101129032
18101129033
18101129034
18101129035
18101129036
18101129037
18101129038
18101129039
18101129040
18101129041
18101129042
18101129043
18101129044
18101129045
18101129046
18101129047
18101129048
18101129049
18101129050
18101129051
18101129052
18101129053
18101129054
18101129055
18101129056
18101129057
18101129058
18101129059
18102129001
18102129002
18102129003
18102129004
18102129005
18102129006
18102129007
18102129008
18102129009
18102129010
18102129011
18102129012
18102129013
18102129014
18102129015
18102129016
18102129017
18102129018
18102129019
18102129020
18102129021
18102129022
18102129023
18102129024
18102129025
18102129026
18102129027
18102129028
18102129029
18102129030
18102129031
18102129032
18102129033
18102129034
18102129035
18102129036
18102129037
18102129038
18102129039
18102129040
18102129041
18102129042
18102129043
18102129044
18102129045
18102129046
18102129047
18102129048
18102129049
18102129050
18102129051
18102129052
18102129053
18102129054
18102129055
18102129056
18102129057
18102129058
18102129059
18102129060
18102129062
18105129001
18105129002
18105129003
18105129004
18105129005
18105129006
18105129007
18105129008
18105129009
18105129010
18105129011
18105129012
18105129013
18105129014
18105129015
18105129016
18105129017
18105129018
18105129019
18105129020
18105129021
18105129022
18105129023
18105129024
18105129025
18105129026
18105129027
18105129028
18105129029
18105129030
18105129031
18105129032
18105129033
18105129034
18105129035
18105129036
18105129037
18105129038
18105129039
18105129040
18105129041
18105129042
18105129043
18105129044
18105129045
18105129046
18105129047
18105129048
18105129049
18105129050
18105129051
18101130001
18101130002
18101130003
18101130004
18101130005
18101130006
18101130007
18101130008
18101130009
18101130010
18101130011
18101130012
18101130013
18101130014
18101130015
18101130016
18101130017
18101130018
18101130019
18101130020
18101130021
18101130022
18101130023
18101130025
18101130026
18101130027
18101130029
18101130030
18101130031
18101130032
18101130033
18101130035
18101130036
18101130037
18101130038
18101130039
18101130040
18101130041
18101130042
18101130043
18101130044
18101130045
18101130046
18101130047
18101130048
18101130049
18101130050
18101130051
18101130052
18101130053
18101130054
18101130055
18101130056
18102130001
18102130002
18102130003
18102130004
18102130005
18102130006
18102130007
18102130008
18102130009
18102130010
18102130011
18102130012
18102130013
18102130014
18102130015
18102130016
18102130017
18102130018
18102130019
18102130020
18102130021
18102130022
18102130023
18102130024
18102130025
18102130026
18102130027
18102130028
18102130029
18102130030
18102130031
18102130032
18102130033
18102130034
18102130035
18102130036
18102130037
18102130038
18102130039
18102130040
18102130041
18102130042
18102130043
18102130044
18102130045
18102130046
18102130047
18102130048
18103130001
18103130002
18103130003
18103130004
18103130005
18103130006
18103130007
18103130008
18103130009
18103130010
18103130011
18103130012
18103130013
18103130014
18103130015
18103130016
18103130017
18103130018
18103130019
18103130020
18103130021
18103130023
18103130024
18103130025
18103130026
18103130027
18103130028
18103130029
18103130030
18103130031
18103130032
18103130033
18103130034
18103130035
18103130036
18103130037
18103130038
18103130039
18103130040
18103130041
18103130042
18103130043
18103130044
18103130045
18103130046
18103130047
18103130048
18103130049
18103130050
18103130051
18103130052
18103130053
18103130054
18103130055
18103130056
18104130001
18104130002
18104130003
18104130004
18104130005
18104130006
18104130007
18104130008
18104130009
18104130010
18104130011
18104130012
18104130013
18104130014
18104130016
18104130017
18104130018
18104130019
18104130020
18104130021
18104130022
18104130023
18104130024
18104130025
18104130026
18104130027
18104130028
18104130029
18104130030
18104130032
18104130033
18104130034
18104130035
18104130036
18104130037
18104130038
18104130039
18101131001
18101131002
18101131003
18101131004
18101131005
18101131006
18101131007
18101131008
18101131009
18101131010
18101131011
18101131012
18101131013
18101131014
18101131015
18101131016
18101131017
18101131018
18101131019
18101131020
18101131021
18101131022
18101131023
18101131024
18101131025
18101131026
18101131027
18101131028
18101131029
18101131030
18101131031
18101131032
18101131033
18101131034
18101131035
18101131036
18101131037
18101131038
18101131039
18101131040
18101131041
18101131042
18101131043
18101131044
18101131045
18101131046
18101131047
18101131048
18101131049
18101131050
18101131051
18101131052
18101131053
18101131054
18101131055
18101131057
18101131058
18101131059
18101131060
18101131061
18102131001
18102131002
18102131003
18102131004
18102131005
18102131006
18102131007
18102131008
18102131009
18102131013
18102131014
18102131015
18102131016
18102131017
18102131018
18102131019
18102131020
18102131021
18102131022
18102131023
18102131024
18102131025
18102131026
18102131027
18102131028
18102131029
18102131030
18102131031
18102131032
18102131033
18102131034
18102131035
18102131036
18102131037
18102131038
18102131039
18102131040
18102131041
18102131042
18102131043
18102131044
18102131045
18102131046
18102131047
18102131048
18102131049
18102131050
18102131051
18102131052
18102131053
18102131054
18103131001
18103131002
18103131004
18103131005
18103131006
18103131007
18103131008
18103131009
18103131010
18103131011
18103131012
18103131013
18103131014
18103131015
18103131016
18103131017
18103131018
18103131019
18103131020
18103131021
18103131022
18103131023
18103131024
18103131025
18103131026
18103131027
18103131028
18103131029
18103131030
18103131031
18103131032
18103131033
18103131034
18103131035
18103131036
18103131037
18103131038
18103131039
18103131040
18103131041
18103131042
18103131043
18103131044
18103131045
18103131046
18103131047
18104131001
18104131002
18104131003
18104131004
18104131007
18104131008
18104131009
18104131010
18104131011
18104131012
18104131013
18104131014
18104131015
18104131016
18104131017
18104131018
18104131019
18104131020
18104131021
18104131022
18104131023
18104131024
18104131025
18104131026
18104131027
18104131028
18104131029
18104131030
18104131031
18104131032
18104131033
18104131034
18104131035
18104131036
18104131037
18104131038
18104131039
18104131040
18104131041
18104131042
18104131043
18104131044
18104131045
18104131046
18104131047
18104131048
18104131049
18104131050
18104131051
18104131052
18104131053
18104131054
18104131055
18104131056
18104131057
18104131058
18101132001
18101132002
18101132003
18101132004
18101132005
18101132006
18101132007
18101132008
18101132009
18101132010
18101132011
18101132012
18101132013
18101132014
18101132015
18101132016
18101132017
18101132018
18101132019
18101132020
18101132021
18101132022
18101132023
18101132024
18101132025
18101132026
18101132027
18101132028
18101132029
18101132030
18101132031
18101132032
18101132033
18101132034
18101132035
18101132036
18101132037
18101132038
18101132039
18101132040
18101132041
18101132042
18101132044
18101132045
18101132046
18101132047
18101132048
18101132049
18101132050
18101132051
18101132052
18101132053
18101132054
18101132055
18102132001
18102132002
18102132003
18102132004
18102132005
18102132006
18102132007
18102132008
18102132009
18102132010
18102132011
18102132012
18102132013
18102132014
18102132015
18102132016
18102132017
18102132018
18102132019
18102132020
18102132021
18102132022
18102132023
18102132024
18102132025
18102132026
18102132027
18102132028
18102132029
18102132030
18102132031
18102132032
18102132033
18102132034
18102132035
18102132036
18102132037
18102132038
18102132039
18102132040
18102132041
18102132042
18102132043
18102132044
18102132045
18102132046
18102132047
18102132048
18102132049
18102132050
18102132051
18102132052
18102132053
18103132001
18103132002
18103132003
18103132004
18103132006
18103132007
18103132008
18103132009
18103132010
18103132011
18103132012
18103132013
18103132014
18103132015
18103132016
18103132017
18103132018
18103132019
18103132020
18103132021
18103132022
18103132023
18103132024
18103132025
18103132026
18103132027
18103132028
18103132029
18103132030
18103132031
18103132032
18103132033
18103132034
18103132035
18103132036
18103132037
18103132038
18103132039
18103132040
18103132041
18103132042
18103132043
18103132044
18103132045
18103132046
18103132047
18103132048
18103132049
18103132050
18103132051
18103132052
18104132001
18104132002
18104132003
18104132004
18104132005
18104132006
18104132007
18104132008
18104132009
18104132010
18104132011
18104132012
18104132013
18104132014
18104132015
18104132016
18104132017
18104132018
18104132019
18104132020
18104132021
18104132022
18104132023
18104132024
18104132025
18104132026
18104132028
18104132029
18104132030
18104132031
18104132032
18104132033
18104132034
18104132035
18104132036
18104132037
18104132038
18104132039
18104132040
18104132041
18104132042
18104132043
18104132044
18104132045
18104132046
18104132047
18101133001
18101133002
18101133003
18101133004
18101133005
18101133006
18101133007
18101133008
18101133009
18101133010
18101133011
18101133012
18101133013
18101133014
18101133015
18101133016
18101133017
18101133018
18101133019
18101133020
18101133021
18101133023
18101133024
18101133025
18101133026
18101133027
18101133028
18101133029
18101133030
18101133031
18101133032
18101133033
18101133034
18101133035
18101133036
18101133037
18101133038
18101133039
18101133040
18101133041
18101133042
18101133043
18101133044
18101133045
18101133046
18101133047
18101133048
18101133049
18101133050
18101133051
18101133052
18101133053
18101133054
18101133055
18101133056
18102133001
18102133002
18102133003
18102133004
18102133005
18102133006
18102133007
18102133008
18102133009
18102133010
18102133011
18102133012
18102133013
18102133014
18102133015
18102133016
18102133017
18102133018
18102133019
18102133020
18102133022
18102133023
18102133024
18102133025
18102133026
18102133027
18102133028
18102133029
18102133030
18102133031
18102133032
18102133033
18102133034
18102133035
18102133036
18102133037
18102133038
18102133039
18102133040
18102133041
18102133042
18102133043
18102133044
18102133045
18102133046
18102133047
18102133048
18102133049
18103133001
18103133002
18103133003
18103133004
18103133005
18103133006
18103133007
18103133008
18103133009
18103133010
18103133011
18103133012
18103133013
18103133014
18103133015
18103133016
18103133017
18103133018
18103133019
18103133020
18103133021
18103133022
18103133023
18103133024
18103133025
18103133026
18103133027
18103133028
18103133029
18103133030
18103133031
18103133032
18103133033
18103133034
18103133035
18103133036
18103133037
18103133038
18103133039
18103133040
18103133041
18103133042
18103133043
18103133044
18103133045
18103133046
18103133047
18103133048
18103133049
18104133001
18104133002
18104133003
18104133004
18104133005
18104133006
18104133007
18104133008
18104133009
18104133010
18104133011
18104133012
18104133013
18104133014
18104133015
18104133016
18104133017
18104133018
18104133019
18104133020
18104133021
18104133022
18104133023
18104133024
18104133025
18104133026
18104133027
18104133028
18104133029
18104133030
18104133031
18104133032
18104133033
18104133034
18104133035
18101134001
18101134002
18101134003
18101134004
18101134005
18101134006
18101134007
18101134008
18101134009
18101134010
18101134011
18101134012
18101134013
18101134014
18101134015
18101134016
18101134017
18101134018
18101134019
18101134020
18101134021
18101134022
18101134023
18101134024
18101134025
18101134026
18101134027
18101134028
18101134030
18101134031
18101134032
18101134033
18101134034
18101134035
18101134036
18101134037
18101134038
18101134039
18101134040
18101134041
18101134042
18101134043
18101134044
18101134045
18101134046
18101134047
18101134048
18101134049
18101134050
18101134051
18102134001
18102134002
18102134003
18102134004
18102134005
18102134006
18102134007
18102134008
18102134009
18102134010
18102134011
18102134012
18102134013
18102134014
18102134015
18102134016
18102134017
18102134018
18102134019
18102134020
18102134021
18102134022
18102134023
18102134024
18102134025
18102134026
18102134027
18102134028
18102134029
18102134030
18102134031
18102134032
18102134033
18102134034
18102134035
18102134036
18102134037
18102134038
18102134039
18102134040
18102134041
18102134042
18102134043
18102134044
18102134045
18102134046
18102134047
18102134048
18102134049
18102134050
18102134051
18102134052
18102134053
18103134001
18103134002
18103134003
18103134004
18103134005
18103134006
18103134007
18103134008
18103134009
18103134010
18103134011
18103134012
18103134013
18103134014
18103134015
18103134016
18103134017
18103134018
18103134019
18103134020
18103134021
18103134022
18103134023
18103134024
18103134025
18103134026
18103134027
18103134028
18103134029
18103134030
18103134031
18103134032
18103134033
18103134034
18103134035
18103134036
18103134037
18103134038
18103134039
18103134040
18103134041
18103134042
18103134043
18103134044
18103134045
18103134046
18103134047
18103134048
18103134049
18103134050
18103134051
18103134052
18103134053
18103134056
18104134001
18104134002
18104134003
18104134004
18104134005
18104134006
18104134007
18104134008
18104134009
18104134010
18104134011
18104134012
18104134013
18104134014
18104134015
18104134016
18104134017
18104134018
18104134019
18104134020
18104134021
18104134022
18104134023
18104134024
18104134025
18104134026
18104134027
18104134028
18104134029
18104134030
18104134031
18104134032
18104134033
18104134034
18104134035
18104134036
18104134037
18104134038
18104134039
18104134040
18104134041
18104134042
18104134043
18104134044
18104134045
18104134046
18104134047
18104134048
18101135001
18101135002
18101135003
18101135004
18101135005
18101135006
18101135007
18101135008
18101135009
18101135010
18101135011
18101135012
18101135013
18101135014
18101135015
18101135016
18101135017
18101135018
18101135019
18101135020
18101135021
18101135022
18101135023
18101135024
18101135025
18101135026
18101135027
18101135028
18101135029
18101135030
18101135031
18101135032
18101135033
18101135034
18101135035
18101135036
18101135037
18101135038
18101135039
18101135040
18101135041
18101135042
18101135043
18101135044
18101135045
18101135046
18101135047
18101135048
18101135049
18101135050
18101135051
18101135052
18102135001
18102135002
18102135003
18102135004
18102135005
18102135006
18102135007
18102135008
18102135009
18102135010
18102135011
18102135012
18102135013
18102135014
18102135015
18102135016
18102135017
18102135018
18102135019
18102135020
18102135021
18102135022
18102135023
18102135024
18102135025
18102135026
18102135027
18102135028
18102135029
18102135030
18102135031
18102135032
18102135033
18102135034
18102135035
18102135036
18102135037
18102135038
18102135039
18102135040
18102135041
18102135042
18102135043
18102135045
18102135046
18102135047
18103135001
18103135002
18103135003
18103135004
18103135005
18103135006
18103135007
18103135008
18103135009
18103135010
18103135011
18103135012
18103135013
18103135014
18103135015
18103135016
18103135017
18103135018
18103135019
18103135020
18103135021
18103135022
18103135023
18103135024
18103135025
18103135026
18103135027
18103135028
18103135029
18103135030
18103135031
18103135032
18103135033
18103135034
18103135035
18103135036
18103135037
18103135038
18103135039
18103135040
18103135041
18103135042
18103135043
18103135044
18103135045
18103135046
18103135047
18103135048
18103135049
18103135050
18103135051
18104135001
18104135002
18104135003
18104135004
18104135005
18104135006
18104135007
18104135008
18104135009
18104135010
18104135011
18104135012
18104135013
18104135014
18104135015
18104135016
18104135017
18104135018
18104135019
18104135020
18104135021
18104135022
18104135023
18104135024
18104135025
18104135026
18104135027
18104135028
18104135029
18104135030
18104135031
18104135032
18104135033
18104135034
18104135035
18104135036
18104135037
18104135038
18104135039
18104135040
18104135041
18104135042
18104135043
18104135044
18104135045
18101139001
18101139002
18101139003
18101139004
18101139005
18101139006
18101139007
18101139008
18101139009
18101139010
18101139011
18101139012
18101139013
18101139014
18101139015
18101139016
18101139017
18101139018
18101139019
18101139020
18101139021
18101139022
18101139024
18101139025
18101139027
18101139028
18102139001
18102139002
18102139003
18102139004
18102139005
18102139007
18102139008
18102139009
18105139001
18105139002
18105139003
18105139004
18105139005