16102102001
16102102002
16102102003
16102102004
16102102005
16102102006
16102102007
16102102008
16102102009
16102102010
16102102011
16102102012
16102102013
16102102014
16102102015
16102102016
16102102017
16102102018
16102102019
16102102020
17102102901
17102102902
16104102001
16104102002
16104102003
16104102004
16104102005
16105102001
16105102002
16105102003
16105102004
16105102005
16105102006
16105102007
16105102008
16105102009
16105102010
16105102011
16105102012
16105102013
16105102014
16105102015
16105102016
16105102017
16105102018
16105102019
16105102020
16105102021
16105102022
16105102023
16105102024
16105102025
16105102026
16105102027
16105102028
16105102029
16105102030
16105102031
16105102032
16105102033
16105102034
17105102901
17105102902
16110102001
16110102002
16110102003
16110102004
16110102005
16110102006
16110102007
16110102008
16110102009
16110102010
16110102011
16110102012
16110102013
16110102014
16110102015
16110102016
16110102017
16110102018
16110102019
17110102901
16101103001
16101103002
16101103003
16101103004
16101103005
16101103006
16101103007
16101103008
16101103009
16101103010
16101103011
16101103012
16101103013
16101103014
16101103015
16101103016
16101103017
16101103018
16101103019
16101103020
16101103021
16101103022
16101103023
16101103024
16101103025
16101103026
16101103027
16101103028
16101103029
16101103030
16101103031
16101103032
16101103033
16101103034
16101103035
16101103036
16101103037
16101103038
16101103039
16101103040
16101103041
16101103042
16101103043
16101103044
16101103045
16101103046
16101103047
16101103048
16101103049
16101103050
16101103051
16101103052
16101103053
16101103054
16101103055
16101103057
16101103058
16101103059
16101103060
16101103061
16101103062
16101103063
16101103064
16101103065
16101103066
16101103067
16101103068
16101103069
16101103070
16101103071
16101103072
16101103073
16101103074
17101103901
17101103902
16102103003
16102103004
16102103005
16102103006
16102103007
16102103008
16102103009
16102103010
16102103011
16102103012
16102103013
16102103014
16102103015
16102103016
16102103017
16102103018
16102103019
16102103020
16102103021
16102103023
16102103024
16102103025
16102103026
16102103027
16102103028
16102103029
16102103030
16102103031
16102103032
16102103033
16102103034
16102103035
16102103036
16102103037
16102103038
16102103039
16102103040
16102103041
16102103042
16102103043
16102103044
16102103045
16102103046
16102103047
16102103048
16102103049
16102103050
16102103051
16102103052
16102103053
16102103054
16102103055
16102103056
16102103057
16102103058
16102103059
16102103060
16102103061
16102103062
16102103063
16102103064
16102103065
16102103067
16102103068
16102103069
16102103071
16102103072
16102103073
16102103074
17102103901
16104103001
16104103002
16104103003
16104103004
16104103005
16104103006
16104103007
16104103008
16104103009
16104103010
16104103011
16104103012
16104103013
16104103014
16104103015
16104103016
16104103017
16104103018
16104103019
16104103020
16104103021
16104103022
16104103023
16104103024
16104103026
16104103027
16104103028
16104103029
16104103030
16104103031
16104103032
16104103033
16104103034
16104103036
16104103037
16104103038
16104103039
16104103041
16104103042
16104103043
16104103044
16104103046
16104103047
16104103048
16104103049
16104103051
16104103053
16104103054
16104103056
16104103058
16104103059
16104103060
16104103061
16104103062
16104103063
16104103064
16104103065
16104103066
16104103068
16104103069
16105103001
16105103002
16105103003
16105103004
16105103005
16105103006
16105103007
16105103008
16105103009
16105103010
16105103011
16105103012
16105103013
16105103014
16105103015
16105103016
16105103017
16105103019
16105103020
16105103021
16105103022
16105103023
16105103024
16105103025
16105103026
16105103027
16105103028
16105103029
16105103030
16105103031
16105103032
16105103033
16105103034
16105103035
16105103036
16105103037
16105103038
16105103039
16105103040
16105103041
16105103042
16105103043
16105103044
16105103045
16105103046
16105103047
16105103048
16105103049
16105103050
16105103051
16105103052
16105103053
16105103054
16105103055
16105103056
16105103057
16105103058
16105103059
16101106001
16101106002
16101106003
16101106004
16101106005
16101106006
16101106007
16101106008
16101106009
16101106010
16101106011
16101106012
16101106013
16101106014
16101106015
16101106016
16101106017
16101106018
16101106019
16101106020
16101106021
16101106022
16101106023
16101106024
16101106025
16101106026
16101106027
16101106028
16101106029
16101106030
16101106031
16101106032
16101106033
16101106034
16101106035
16101106036
16101106037
16101106038
16101106039
16101106040
16101106041
16101106042
17101106901
17101106902
17101106903
17101106906
17101106907
17101106908
17101106909
17101106910
17101106912
16102106001
16102106002
16102106003
16102106004
16102106005
16102106006
16102106007
16102106008
16102106009
16102106010
16102106011
16102106012
16102106013
16102106014
16102106015
16102106016
16102106017
16102106018
16102106019
16102106020
16102106021
16102106022
16102106023
16102106024
16102106025
16102106026
16102106027
16102106028
16102106029
16102106030
16102106031
17102106901
16103106001
16103106002
16103106003
16103106004
16103106005
16103106006
16103106007
16103106008
16103106009
16103106010
16103106011
16103106012
16103106013
16103106014
16103106015
16103106016
16103106017
16103106018
16103106019
16103106020
16103106021
16103106022
16103106023
16103106024
16103106025
17103106901
17103106902
17103106903
17103106904
16102107001
16102107002
16102107003
16102107004
16102107005
16102107006
16102107007
16102107008
16102107009
16102107010
16102107011
16102107012
16102107013
16102107014
16102107015
16102107016
16102107017
16102107018
16102107019
16102107020
16102107021
16102107022
16102107023
16102107024
16102107025
16102107026
16102107027
16102107028
16102107029
16102107030
16102107031
16102107032
16102107033
16102107034
16102107035
16102107036
16102107037
16102107038
16102107039
16102107040
16102107041
16102107042
16102107043
16102107044
16102107045
16102107046
16102107047
16102107048
16102107049
16102107050
16102107051
16102107052
16102107053
16102107054
16102107055
16102107056
16102107057
16102107058
16102107059
17102107901
17102107902
17102107903
17102107904
17102107905
17102107906
17102107907
17102107908
17102107909
17102107910
17102107911
17102107912
16103107001
16103107002
16103107003
16103107004
16103107005
16103107006
16103107007
16103107008
16103107009
16103107010
16103107011
16103107012
16103107013
16103107014
16103107015
16103107016
16103107017
16103107018
16103107019
16103107020
16103107021
16103107022
16103107023
16103107024
16103107025
16103107026
16103107027
16103107028
16103107029
16103107030
16103107031
16103107032
16103107033
16103107034
16103107035
16103107036
16103107037
16103107038
16103107039
16103107040
16103107041
16103107042
16103107043
16103107044
16103107045
16103107046
16103107047
16103107048
16103107049
16103107050
16103107051
16103107052
16103107053
16103107054
16103107055
16103107056
16103107057
16103107058
16103107059
16103107060
16103107061
16103107062
17103107901
17103107902
17103107903
17103107904
17103107905
17103107906
17103107907
17103107908
17103107909
17103107910
16106107001
16106107002
16106107003
16106107004
16106107005
16106107006
16106107007
16106107008
16106107009
16106107010
16106107011
16106107012
16106107013
16106107014
16106107015
16106107016
16106107017
16106107018
16106107019
16106107020
16106107021
16106107022
16106107023
16106107024
16106107025
16106107026
16106107027
16106107028
16106107029
16106107030
16106107031
16106107032
16106107033
16106107034
16106107035
16106107036
16106107037
16106107038
16106107039
17106107901
17106107902
17106107903
16101108001
16101108002
16101108003
16101108004
16101108005
16101108006
16101108007
16101108008
16101108009
16101108010
16101108011
16101108012
16101108013
16101108014
16101108015
16101108016
16101108017
16101108018
16101108019
16101108020
16101108021
16101108022
16101108023
16101108024
16101108025
16101108026
16101108027
16101108028
16101108029
16101108030
16101108031
16101108032
17101108901
17101108902
17101108903
17101108904
17101108905
17101108906
16102108001
16102108002
16102108003
16102108004
16102108005
16102108006
16102108007
16102108008
16102108009
16102108010
16102108011
16102108012
16102108013
16102108014
16102108015
16102108016
16102108017
16102108018
16102108019
16102108020
16102108021
16102108022
16102108023
16102108024
16102108025
16102108026
16102108027
16102108028
16102108029
16102108030
16102108031
16102108032
16102108033
16102108034
16102108035
16102108036
16102108037
16102108038
16102108039
16102108040
16102108041
16102108042
16102108043
16102108044
16102108045
16102108046
17102108901
17102108903
17102108904
17102108905
17102108906
17102108907
17102108908
17102108909
16103108001
16103108002
16103108003
16103108004
16103108005
16103108006
16103108007
16103108008
16103108009
16103108010
16103108011
16103108012
16103108013
16103108014
16103108015
16103108016
16103108017
16103108018
16103108019
16103108020
16103108021
16103108022
16103108023
16103108024
16103108025
16103108026
16103108027
16103108028
16103108029
16103108031
16103108032
16103108033
16103108034
16103108035
16103108036
16103108037
16103108038
16103108039
16103108041
16103108042
16103108043
16103108044
16103108045
16103108047
17103108901
17103108902
17103108903
17103108904
17103108905
17103108906
17103108907
17103108908
17103108909
16104108001
16104108002
16104108003
16104108004
16104108005
16104108006
16104108007
16104108008
16104108009
16104108010
16104108011
16104108012
16104108013
16104108014
16104108015
16104108016
16104108017
16104108018
16104108019
16104108020
16104108021
16104108022
16104108023
16104108024
16104108025
16104108026
16104108027
16104108028
16104108029
16104108030
16104108031
16104108032
16104108033
16104108034
16104108035
16104108036
16104108037
16104108038
16104108039
16104108040
16104108041
17104108901
17104108902
17104108903
17104108904
17104108905
17104108906
17104108907
16101109002
16101109003
16101109004
16101109005
16101109006
16101109007
16101109008
16101109009
16101109010
16101109011
16101109012
16101109013
16101109014
16101109015
16101109016
16101109017
16101109018
16101109019
16101109020
16101109021
16101109022
16101109023
16101109024
16101109025
16101109026
16101109027
16101109028
16101109029
16101109030
16101109031
16101109032
16101109033
16101109034
16101109035
16101109036
16101109037
16101109038
16101109039
16101109040
16101109041
16101109042
16101109043
16101109044
16101109045
16101109046
16101109047
16101109049
16101109050
16101109051
16101109052
16101109053
16101109054
16101109055
16101109056
16101109057
16101109058
16101109059
16101109060
17101109901
17101109902
17101109903
17101109904
17101109905
17101109906
17101109907
17101109908
17101109909
17101109910
16105109001
16105109002
16105109003
16105109004
16105109005
16105109006
16105109007
16105109008
16105109009
16105109010
16105109011
16105109012
16105109013
16105109014
16105109015
16105109016
16105109017
16105109018
16105109019
16105109020
16105109021
16105109022
16105109023
16105109024
16105109025
16105109026
16105109027
16105109028
16105109029
16105109030
16105109031
16105109032
16105109033
16105109034
16105109035
16105109036
16105109037
16105109038
16105109039
16105109040
16105109041
16105109042
16105109043
16105109044
16105109045
16105109046
16105109047
16105109048
16105109049
16105109050
16105109051
16105109052
16105109053
16105109054
16105109055
16105109056
16105109057
16105109058
16105109060
17105109901
17105109902
17105109903
17105109904
17105109905
16101111001
16101111002
16101111003
16101111004
16101111005
16101111006
16101111007
16101111008
16101111009
16101111010
16101111011
16101111012
16101111013
16101111014
16101111015
16101111016
16101111017
16101111018
16101111019
16101111020
16101111021
16101111022
16101111023
16101111024
16101111025
16101111026
16101111027
16101111028
16101111029
16101111030
16101111031
16101111032
16101111033
16101111034
16101111035
16101111036
16101111037
16101111038
16101111039
16101111040
16101111041
16101111042
16101111043
16101111044
16101111045
16101111046
16101111047
16101111048
16101111049
16101111050
16101111051
16101111053
16101111054
16101111055
16101111056
16101111057
16101111058
16101111059
17101111901
17101111902
17101111903
17101111904
17101111905
17101111906
17101111907
17101111908
17101111909
17101111910
17101111911
17101111912
16102111001
16102111002
16102111003
16102111004
16102111005
16102111006
16102111007
16102111008
16102111009
16102111010
16102111011
16102111012
16102111013
16102111014
16102111015
16102111016
16102111017
16102111018
16102111019
16102111020
16102111021
16102111022
16102111023
16102111024
16102111025
16102111026
16102111027
16102111028
16102111029
16102111030
16102111031
16102111032
16102111033
16102111034
16102111035
16102111036
16102111037
16102111038
16102111039
16102111040
16102111041
16102111042
16102111043
16102111044
16102111045
16102111046
16102111047
16102111048
16102111049
16102111050
16102111051
16102111052
16102111053
16102111054
16102111055
16102111056
16102111058
16102111059
16102111060
16102111061
16102111062
16102111063
16102111064
17102111901
17102111902
17102111903
17102111904
17102111907
17102111908
17102111909
16105111001
16105111002
16105111003
16105111004
16105111005
16105111006
16105111007
16105111008
16105111009
16105111010
16105111011
16105111012
16105111013
16105111014
16105111015
16105111016
16105111017
16105111018
16105111019
16105111020
16105111021
16105111022
16105111023
16105111024
16105111025
16105111026
16105111027
16105111028
16105111029
16105111030
16105111031
16105111032
16105111033
16105111034
16105111035
16105111036
16105111037
16105111038
16105111039
16105111040
16105111041
16105111042
16105111043
16105111044
16105111045
16105111046
16105111047
16105111048
16105111049
16105111050
16105111051
16105111052
16105111053
16105111054
16105111055
16105111056
16105111057
16105111058
16105111059
16105111060
17105111901
17105111902
17105111903
17105111904
17105111905
16101113001
16101113002
16101113003
16101113004
16101113005
16101113006
16101113007
16101113008
16101113009
16101113010
16101113011
16101113012
16101113013
16101113014
16101113015
16101113016
16101113017
16101113018
16101113019
16101113020
16101113021
16101113022
16101113023
16101113024
16101113025
16101113026
16101113027
16101113028
16101113029
17101113901
17101113902
17101113903
17101113904
17101113906
16102113002
16102113003
16102113004
16102113005
16102113006
16102113007
16102113008
16102113009
16102113010
16102113011
16102113012
16102113013
16102113014
16102113015
16102113016
16102113017
16102113018
16102113019
16102113020
16102113021
16102113022
16102113023
16102113024
16102113025
16102113026
16102113027
16102113028
16102113029
16102113030
16102113031
16102113032
17102113901
17102113902
17102113903
17102113904
16105113001
16105113002
16105113003
16105113004
16105113005
16105113006
16105113007
16105113008
16105113009
16105113010
16105113011
16105113012
16105113013
16105113014
16105113015
16105113016
16105113017
16105113018
16105113019
16105113020
16105113021
16105113022
16105113023
16105113024
16105113025
16105113026
16105113027
16105113028
16105113029
16101117001
16101117002
16101117003
16101117004
16101117005
16101117006
16101117007
16101117008
16101117009
16101117010
16101117011
16101117012
16101117013
16101117014
16101117015
16101117016
16101117017
16101117018
16101117019
16101117020
16101117021
16101117022
16101117023
16101117024
16101117025
16101117026
16101117027
16101117028
16101117029
16101117030
16101117031
16101117032
16101117033
16101117034
16101117035
16101117036
16101117037
16101117038
16101117039
16101117040
16101117041
16101117042
16101117043
16101117044
16101117045
16101117046
16101117047
16101117048
16101117049
16101117050
16101117051
16101117052
16101117053
16101117054
16101117055
16101117056
16101117057
16101117058
16101117059
16101117060
16101117061
17101117901
17101117903
17101117904
17101117905
17101117906
17101117907
17101117908
17101117909
17101117910
17101117911
17101117912
16102117001
16102117002
16102117003
16102117004
16102117005
16102117006
16102117007
16102117008
16102117009
16102117010
16102117011
16102117012
16102117013
16102117014
16102117015
16102117016
16102117017
16102117018
16102117019
16102117020
16102117021
16102117022
16102117023
16102117024
16102117025
16102117026
16102117027
16102117028
16102117029
16102117030
16102117031
16102117032
16102117033
16102117034
16102117035
16102117036
16102117037
16102117038
16102117039
16102117040
16102117041
16102117042
16102117043
16102117044
16102117045
16102117046
16102117047
16102117048
16102117049
16102117050
16102117051
16102117052
16102117053
16102117054
16102117055
16102117056
16102117057
16102117058
16102117059
17102117901
17102117902
17102117903
17102117904
17102117905
17102117906
17102117907
17102117908
17102117909
16105117001
16105117002
16105117003
16105117004
16105117005
16105117006
16105117007
16105117008
16105117009
16105117010
16105117011
16105117012
16105117013
16105117014
16105117015
16105117016
16105117017
16105117018
16105117019
16105117020
16105117021
16105117022
16105117023
16105117024
16105117025
16105117026
16105117027
16105117028
16105117029
16105117030
16105117031
16105117032
16105117033
16105117034
16105117035
16105117036
16105117037
16105117038
16105117039
16105117040
16105117041
16105117042
16105117043
16105117044
16105117045
16105117046
16105117047
16105117048
16105117049
16105117050
16105117051
16105117052
16105117053
16105117054
16105117055
17105117901
16101121001
16101121002
16101121003
16101121004
16101121005
16101121006
16101121007
16101121008
16101121009
16101121010
16101121011
16101121012
16101121013
16101121014
16101121015
16101121016
16102121001
16102121002
16102121003
16102121004
16102121005
16102121006
16102121007
16102121008
16102121009
17103121901
16101123001
16101123002
16101123003
16101123004
16101123005
16101123006
16101123007
16101123008
16101123009
16101123010
16101123011
16101123013
16101123014
16101123015
16101123016
16101123017
16101123018
17101123901
17101123902
16102123001
16102123002
16102123003
16102123004
16102123005
16102123006
16102123007
16102123008
16102123009
16102123010
16102123011
16102123012
16102123013
16102123014
16102123015
16102123016
16102123017
16102123018
16102123019
16102123020
16102123021
16102123022
16102123023
16102123024
16102123025
16102123026
16102123027
16103123001
16103123002
16103123003
16103123004
16103123005
16104123001
16101124001
16101124002
16101124003
16101124004
16101124005
16101124006
16101124007
16101124008
16101124009
16101124010
16101124011
16101124012
16101124013
16101124014
16101124015
16101124016
16101124017
16101124018
16101124019
16101124020
16101124021
16101124022
16101124023
16101124024
16101124025
16101124026
16101124027
16101124028
16101124029
16101124030
16101124031
16101124032
16101124033
16101124034
16101124035
16101124036
16101124037
16101124038
16101124039
16101124040
16101124041
16101124042
16101124043
16101124044
16101124045
16101124046
16101124047
16101124048
16101124049
16101124051
16101124052
16101124053
16101124054
16101124055
16101124056
16101124057
16101124058
16101124059
16101124060
17101124901
17101124902
17101124903
17101124904
17101124905
17101124906
17101124907
17101124908
17101124909
17101124910
17101124911
16102124001
16102124002
16102124003
16102124004
16102124005
16102124006
16102124007
16102124008
16102124009
16102124010
16102124011
16102124012
16102124013
16102124014
16102124015
16102124016
16102124017
16102124018
16102124019
16102124020
16102124021
16102124022
16102124023
16102124024
16102124025
16102124026
16102124027
16102124028
16102124029
16102124030
16102124031
16102124032
16102124033
16102124034
16102124035
16102124036
16102124037
16102124038
16102124039
16102124040
16102124041
16102124042
16102124043
16102124044
16102124045
16102124046
16102124047
16102124048
16102124049
16102124050
16102124051
16102124052
16102124053
16102124054
16102124055
16102124056
16102124057
16102124058
17102124901
17102124902
17102124903
17102124904
17102124905
17102124906
17102124907
17102124908
17102124909
16105124001
16105124002
16105124003
16105124004
16105124005
16105124006
16105124007
16105124008
16105124009
16105124010
16105124011
16105124012
16105124013
16105124014
16105124015
16105124016
16105124017
16105124018
16105124019
16105124020
16105124021
16105124022
16105124023
16105124024
16105124025
16105124026
16105124027
16101125001
16101125002
16101125003
16101125004
16101125005
16101125006
16101125007
16101125008
16101125009
16101125010
16101125011
16101125012
16101125013
16101125014
16101125015
16101125016
16101125017
16101125018
16101125019
16101125020
16101125021
16101125022
16101125023
16101125024
16101125025
16101125026
16101125027
16101125028
16101125029
16101125030
16101125031
16101125032
16101125033
16101125035
16101125036
16101125037
16101125038
16101125039
16101125040
16101125041
16101125042
16101125043
16101125044
16101125045
16101125046
16101125047
16101125048
16101125049
16101125050
16101125051
16101125052
16101125053
16101125054
16101125055
16101125056
16101125057
16101125058
17101125902
17101125903
17101125904
17101125905
17101125906
17101125907
17101125908
17101125909
17101125910
16102125001
16102125002
16102125003
16102125004
16102125005
16102125006
16102125007
16102125008
16102125009
16102125010
16102125011
16102125012
16102125013
16102125014
16102125015
16102125016
16102125017
16102125018
16102125019
16102125020
16102125021
16102125022
16102125023
16102125024
16102125025
16102125026
16102125027
16102125028
16102125029
16102125030
16102125031
16102125032
16102125033
16102125034
16102125035
16102125036
16102125037
16102125038
16102125039
16102125040
16102125041
16102125042
16102125043
16102125044
16102125045
16102125046
16102125047
16102125048
16102125049
16102125050
16102125051
16102125052
16102125053
16102125054
16102125055
17102125901
17102125902
17102125903
17102125904
17102125905
17102125906
17102125907
17102125908
16105125001
16105125002
16105125003
16105125004
16105125005
16105125006
16105125007
16105125008
16105125009
16105125010
16105125011
16105125012
16105125013
16105125014
16105125015
16105125016
16105125017
16105125018
16105125019
16105125020
16105125021
16105125022
16105125023
16105125024
16105125025
16105125026
16105125027
16105125028
16105125029
16105125030
16105125031
16105125032
16105125033
16105125034
16105125035
16105125036
16105125037
16105125038
16105125039
16105125040
16105125041
16105125042
16105125043
17105125901
16101126001
16101126002
16101126003
16101126004
16101126005
16101126006
16101126007
16101126008
16101126009
16101126010
16101126011
16101126012
16101126013
16101126014
16101126015
16101126016
16101126017
16101126018
16101126019
16101126020
16101126021
16101126022
16101126023
16101126024
16101126025
16101126026
16101126027
16101126028
16101126029
16101126030
16101126031
16101126032
16101126033
16101126034
16101126035
16101126036
16101126037
16101126038
16101126039
16101126040
16101126041
16101126042
16101126043
16101126044
16101126045
16101126046
16101126047
16101126048
16101126049
16101126050
16101126051
16101126052
16101126053
16101126054
16101126055
16101126056
16101126057
16101126058
16101126059
16101126060
16101126061
16101126062
17101126901
17101126902
17101126903
17101126904
17101126905
17101126906
17101126907
17101126908
17101126909
17101126910
16102126001
16102126002
16102126003
16102126004
16102126005
16102126006
16102126007
16102126008
16102126009
16102126010
16102126011
16102126012
16102126014
16102126015
16102126016
16102126017
16102126018
16102126019
16102126020
16102126021
16102126022
16102126023
16102126024
16102126025
16102126026
16102126027
16102126028
16102126029
16102126030
16102126031
16102126032
16102126033
16102126034
16102126035
16102126036
16102126037
16102126038
16102126039
16102126040
16102126041
16102126042
16102126043
16102126044
16102126045
16102126046
16102126047
16102126048
16102126049
16102126050
16102126051
16102126052
16102126053
16102126054
16102126055
16102126056
16102126057
16102126058
16102126059
16102126060
16102126061
17102126901
17102126902
17102126903
17102126904
17102126905
17102126906
17102126907
17102126908
17102126909
17102126910
17102126911
16105126001
16105126002
16105126003
16105126004
16105126005
16105126006
16105126007
16105126008
16105126009
16105126010
16105126011
16105126012
16105126013
16105126014
16105126016
16105126017
16105126018
16105126019
16105126020
16105126021
16105126022
16105126023
16105126024
16105126025
16105126026
16105126027
16105126028
16105126029
16105126030
16105126031
16105126032
16105126033
16105126034
16105126035
16105126036
16105126037
16105126038
16105126039
16105126040
16105126041
16105126042
16105126043
16105126044
16105126045
16105126046
16105126047
16105126048
16105126049
16105126050
16105126051
16105126052
16105126053
16105126054
16105126055
16105126056
16105126057
16105126058
16105126059
16105126060
16105126061
17105126901
17105126902
17105126903
17105126904
17105126905
17105126906
17105126907
17105126908
17105126909
17105126910
17105126911
16110126001
16110126002
16110126003
16110126004
16110126005
16110126006
16110126007
16110126008
16110126009
16110126010
16110126011
16110126012
16110126013
16110126014
16110126015
16110126016
16110126017
16110126018
16110126019
16110126020
16110126021
16110126022
16110126023
16110126024
16110126025
16110126026
16110126027
16110126028
16110126029
16110126030
16110126031
16110126032
16110126033
16110126034
16110126035
16110126036
16110126037
16110126038
16110126039
16110126040
16110126041
16110126042
16110126043
16110126044
16110126045
16110126046
16110126047
16110126048
16110126049
16110126050
16110126051
16110126052
16110126053
16110126054
16110126055
16110126056
16110126057
16110126058
16110126059
16110126060
16110126061
17110126901
17110126902
17110126903
17110126904
17110126906
17110126907
17110126908
17110126909
17110126910
16101127001
16101127002
16101127003
16101127004
16101127005
16101127006
16101127007
16101127008
16101127009
16101127010
16101127011
16101127012
16101127013
16101127014
16101127015
16101127016
16101127017
16101127018
16101127019
16101127020
16101127021
16101127022
16101127023
16101127024
16101127025
16101127026
16101127027
16101127028
16101127029
16101127030
16101127031
16101127032
16101127033
16101127034
16101127035
16101127036
16101127037
16101127038
16101127039
16101127040
16101127041
16101127042
16101127043
16101127044
16101127045
16101127046
16101127047
16101127048
16101127049
16101127050
16101127051
16101127052
16101127053
16101127054
16101127055
17101127901
17101127902
17101127903
17101127904
17101127905
17101127906
17101127907
17101127908
17101127909
16102127001
16102127002
16102127003
16102127004
16102127005
16102127006
16102127007
16102127008
16102127009
16102127010
16102127011
16102127012
16102127013
16102127014
16102127015
16102127016
16102127017
16102127018
16102127019
16102127020
16102127021
16102127022
16102127023
16102127024
16102127025
16102127026
16102127027
16102127028
16102127029
16102127030
16102127031
16102127032
16102127033
16102127034
16102127035
16102127036
16102127037
16102127038
16102127039
16102127040
16102127041
16102127042
16102127043
16102127044
16102127045
16102127046
16102127047
16102127048
16102127049
16102127050
16102127051
16102127052
16102127053
16102127054
16102127055
16102127056
17102127901
17102127902
17102127903
17102127904
17102127905
17102127906
17102127907
17102127908
17102127909
17102127910
16103127001
16103127002
16103127003
16103127004
16103127005
16103127006
16103127007
16103127008
16103127009
16103127010
16103127011
16103127012
16103127013
16103127014
16103127015
16103127016
16103127017
16103127018
16103127019
16103127020
16103127021
16103127022
16103127023
16103127024
16103127025
16103127026
16103127027
16103127028
16103127029
16103127030
16103127031
16103127032
16103127033
16103127034
16103127035
16103127036
16103127037
16103127038
16103127039
16103127040
16103127041
16103127042
16103127043
16103127044
16103127045
16103127046
16103127047
16103127048
16103127049
16103127050
16103127051
16103127052
16103127053
16103127054
16103127055
16103127056
16103127057
17103127901
17103127902
17103127903
17103127904
17103127905
17103127906
17103127907
17103127908
17103127909
16105127001
16105127002
16105127003
16105127004
16105127005
16105127006
16105127007
16105127008
16105127009
16105127010
16105127011
16105127012
16105127013
16105127014
16105127015
16105127016
16105127017
16105127018
16105127019
16105127020
16105127021
16105127022
16105127023
16105127024
16105127025
16105127026
16105127027
16105127028
16105127029
16105127030
16105127031
16101128001
16101128002
16101128003
16101128004
16101128005
16101128006
16101128007
16101128008
16101128009
16101128010
16101128011
16101128012
16101128013
16101128014
16101128015
16101128016
16101128017
16101128019
16101128020
16101128021
16101128022
16101128023
16101128024
16101128025
16101128026
16101128027
16101128028
16101128029
16101128030
16101128031
16101128032
16101128033
16101128034
16101128035
16101128036
16101128037
16101128038
16101128039
16101128040
16101128041
16101128042
16101128043
16101128044
16101128045
16101128046
16101128047
16101128048
16101128049
16101128050
16101128051
16101128052
16101128053
16101128054
16101128055
16101128056
16101128057
16101128058
16101128059
17101128901
17101128902
17101128903
17101128904
17101128905
17101128906
17101128907
17101128908
16102128001
16102128002
16102128003
16102128004
16102128005
16102128006
16102128007
16102128008
16102128009
16102128010
16102128011
16102128012
16102128013
16102128014
16102128015
16102128016
16102128017
16102128018
16102128019
16102128020
16102128021
16102128022
16102128023
16102128024
16102128025
16102128026
16102128027
16102128028
16102128029
16102128030
16102128031
16102128032
16102128033
16102128034
16102128035
16102128036
16102128037
16102128038
16102128039
16102128040
16102128041
16102128042
16102128043
16102128044
16102128045
16102128046
16102128047
16102128048
16102128049
16102128050
16102128051
16102128052
16102128053
16102128054
16102128055
17102128901
17102128902
17102128903
17102128904
17102128905
17102128906
17102128907
16105128001
16105128002
16105128003
16105128004
16105128005
16105128006
16105128007
16105128008
16105128009
16105128010
16105128011
16105128012
16101129001
16101129002
16101129003
16101129004
16101129005
16101129006
16101129007
16101129008
16101129009
16101129010
16101129011
16101129012
16101129013
16101129014
16101129015
16101129016
16101129017
16101129018
16101129019
16101129020
16101129021
16101129022
16101129023
16101129024
16101129025
16101129026
16101129027
16101129028
16101129029
16101129030
16101129031
16101129032
16101129033
16101129034
16101129035
16101129036
16101129037
16101129038
16101129039
16101129040
16101129041
16101129042
16101129043
16101129044
16101129045
16101129046
16101129047
16101129048
16101129049
16101129050
16101129051
16101129052
16101129053
16101129054
16101129055
16101129056
17101129901
17101129902
17101129903
17101129904
17101129905
17101129906
17101129907
17101129908
17101129909
17101129910
17101129911
17101129912
16102129001
16102129002
16102129003
16102129004
16102129005
16102129006
16102129007
16102129008
16102129009
16102129010
16102129011
16102129012
16102129013
16102129014
16102129015
16102129016
16102129017
16102129018
16102129019
16102129020
16102129021
16102129022
16102129023
16102129024
16102129025
16102129026
16102129027
16102129028
16102129029
16102129030
16102129031
16102129032
16102129033
16102129034
16102129035
16102129036
16102129037
16102129038
16102129039
16102129040
16102129041
16102129042
16102129043
16102129044
16102129045
16102129046
16102129047
16102129048
16102129049
16102129050
16102129051
16102129052
16102129053
16102129054
16102129055
16102129056
16102129057
16102129058
17102129901
17102129902
17102129903
17102129904
17102129905
17102129906
17102129908
17102129909
17102129910
16105129001
16105129002
16105129003
16105129004
16105129005
16105129006
16105129007
16105129008
16105129009
16105129010
16105129011
16105129012
16105129013
16105129014
16105129015
16105129016
16105129017
16105129018
16105129019
16105129020
16105129021
16105129022
16105129023
16105129024
16105129025
16105129026
16105129027
16105129028
16105129029
16105129030
16105129031
16105129032
16105129033
16105129034
16105129035
16105129036
17105129901
17105129902