19102102001
19102102002
19102102003
19102102004
19102102005
19102102006
19102102007
19102102008
19102102009
19102102010
19102102011
19102102012
19102102013
19102102014
19102102015
19102102016
19102102017
19102102018
19102102019
19105102001
19105102002
19105102003
19105102004
19105102005
19105102006
19105102007
19105102008
19105102009
19105102010
19105102011
19105102012
19105102013
19105102014
19105102015
19105102016
19105102017
19105102018
19105102019
19105102020
19105102021
19105102022
19105102023
19105102024
19105102025
19105102026
19105102027
19105102028
19105102029
19105102030
19105102031
19105102032
19105102033
19105102034
19105102035
19105102036
19105102037
19105102038
19105102039
19105102040
19105102041
19105102042
19105102043
19105102044
19105102045
19105102046
19105102047
19105102048
19105102049
19105102050
19105102051
19105102052
19105102053
19105102054
19110102001
19110102002
19110102003
19110102004
19110102005
19110102006
19110102007
19110102008
19110102009
19110102010
19110102011
19110102012
19110102013
19110102014
19110102015
19110102016
19110102017
19110102018
19110102019
19110102020
19110102021
19110102022
19110102023
19110102024
19110102025
19110102026
19110102027
19110102028
19110102029
19110102030
19101103001
19101103002
19101103003
19101103004
19101103005
19101103006
19101103007
19101103008
19101103009
19101103010
19101103011
19101103012
19101103013
19101103014
19101103015
19101103016
19101103017
19101103018
19101103019
19101103020
19101103021
19101103022
19101103023
19101103024
19101103025
19101103026
19101103027
19101103028
19101103029
19101103030
19101103031
19101103032
19101103033
19101103034
19101103035
19101103036
19101103037
19101103038
19101103039
19101103040
19101103041
19101103042
19101103043
19101103044
19101103045
19101103046
19101103047
19101103048
19101103049
19101103050
19101103051
19101103052
19101103053
19101103054
19101103055
19102103001
19102103002
19102103003
19102103004
19102103005
19102103006
19102103007
19102103008
19102103009
19102103010
19102103011
19102103012
19102103013
19102103014
19102103015
19102103016
19102103017
19102103018
19102103019
19104103001
19104103002
19104103003
19104103004
19104103005
19104103006
19104103007
19104103008
19104103009
19104103010
19104103011
19105103001
19105103002
19105103003
19105103004
19105103005
19105103006
19105103007
19105103008
19105103009
19105103010
19105103011
19105103012
19105103013
19105103014
19105103015
19105103016
19105103017
19105103018
19105103019
19105103020
19105103021
19105103022
19105103023
19105103024
19105103025
19105103026
19105103027
19105103028
19105103029
19105103030
19105103031
19105103032
19105103033
19105103034
19105103035
19105103036
19105103037
19105103038
19105103039
19105103040
19105103041
19105103042
19105103043
19105103044
19105103045
19105103046
19105103047
19105103048
19105103049
19105103050
19105103051
19105103052
19105103053
19105103054
19110103001
19110103002
19110103003
19110103004
19110103005
19110103006
19110103007
19110103008
19110103009
19110103010
19110103011
19110103012
19110103013
19110103014
19110103015
19103106001
19103106002
19103106003
19103106004
19103106005
19103106006
19103106007
19103106008
19103106009
19103106010
19103106011
19103106012
19103106013
19103106014
19103106015
19103106016
19103106017
19103106018
19103106019
19103106020
19103106021
19103106022
19103106023
19103106024
19105106001
19105106002
19105106003
19105106004
19105106005
19105106006
19105106007
19105106008
19105106009
19105106010
19105106011
19105106012
19105106013
19105106014
19105106015
19105106016
19105106017
19105106018
19105106019
19105106020
19105106021
19105106022
19105106023
19105106024
19105106025
19105106026
19105106027
19105106028
19105106029
19105106030
19105106031
19105106032
19105106033
19105106034
19105106035
19105106036
19105106037
19105106038
19105106039
19102107001
19102107002
19102107003
19102107004
19102107005
19102107006
19102107007
19102107008
19102107009
19102107010
19102107011
19102107012
19102107013
19102107014
19102107015
19102107016
19102107017
19102107018
19102107019
19102107020
19102107021
19102107022
19102107023
19102107024
19102107025
19102107026
19102107027
19102107028
19102107029
19102107030
19102107031
19102107032
19102107033
19102107034
19102107035
19102107036
19102107037
19102107038
19102107039
19102107040
19102107041
19102107042
19102107043
19102107044
19102107045
19102107046
19102107047
19102107048
19102107049
19102107050
19102107051
19102107052
19102107053
19102107054
19102107055
19102107056
19102107057
19102107058
19102107059
19102107060
19102107061
19102107062
19102107063
19102107064
19102107065
19103107001
19103107002
19103107003
19103107004
19103107005
19103107006
19103107007
19103107008
19103107009
19103107010
19103107011
19103107012
19103107013
19103107014
19103107015
19103107016
19103107017
19103107018
19103107019
19103107020
19103107021
19103107022
19103107023
19103107024
19103107025
19103107026
19103107027
19103107028
19103107029
19103107030
19103107031
19103107032
19103107033
19103107034
19103107035
19103107036
19103107037
19103107038
19103107039
19103107040
19103107041
19103107042
19103107043
19103107044
19103107045
19103107046
19103107047
19103107048
19103107049
19103107050
19103107051
19103107052
19103107053
19103107054
19103107055
19103107056
19103107057
19106107001
19106107002
19106107003
19106107004
19106107005
19106107006
19106107007
19106107008
19106107009
19106107010
19106107011
19106107012
19106107013
19106107014
19106107015
19106107016
19106107017
19106107018
19106107019
19106107020
19106107021
19106107022
19106107023
19106107024
19106107025
19106107026
19106107027
19106107028
19106107029
19106107030
19106107031
19106107032
19106107033
19106107034
19106107035
19106107036
19101108001
19101108002
19101108003
19101108004
19101108005
19101108006
19101108007
19101108008
19101108009
19101108010
19101108011
19101108012
19101108013
19101108014
19101108015
19101108016
19101108017
19101108018
19101108019
19101108020
19101108021
19101108022
19101108023
19101108024
19101108025
19101108026
19101108027
19101108028
19101108029
19101108030
19101108031
19101108032
19101108033
19101108034
19101108035
19101108036
19102108001
19102108002
19102108003
19102108004
19102108005
19102108006
19102108007
19102108008
19102108009
19102108010
19102108011
19102108012
19102108013
19102108014
19102108015
19102108016
19102108017
19102108018
19102108019
19102108020
19102108021
19102108022
19102108023
19102108024
19102108025
19102108026
19102108027
19102108028
19102108029
19102108030
19102108031
19102108032
19102108033
19102108034
19102108035
19102108036
19102108037
19102108038
19102108039
19102108040
19102108041
19102108042
19102108043
19102108044
19102108045
19102108046
19102108047
19102108048
19102108049
19102108050
19102108051
19102108052
19102108053
19102108054
19102108055
19103108001
19103108002
19103108003
19103108004
19103108005
19103108006
19103108007
19103108008
19103108009
19103108010
19103108011
19103108012
19103108013
19103108014
19103108015
19103108016
19103108017
19103108018
19103108019
19103108020
19103108021
19103108022
19103108023
19103108024
19103108025
19103108026
19103108027
19103108028
19103108029
19103108030
19103108031
19103108032
19103108033
19103108034
19103108035
19103108036
19103108037
19103108038
19103108039
19103108040
19103108041
19103108042
19103108043
19103108044
19103108045
19103108046
19103108047
19103108048
19103108049
19103108050
19103108051
19103108052
19103108053
19103108054
19103108055
19104108001
19104108002
19104108003
19104108004
19104108005
19104108006
19104108007
19104108008
19104108009
19104108010
19104108011
19104108012
19104108013
19104108014
19104108015
19104108016
19104108017
19104108018
19104108019
19104108020
19104108021
19104108022
19104108023
19104108024
19104108025
19104108026
19104108027
19104108028
19104108029
19104108030
19104108031
19104108032
19104108033
19104108034
19104108035
19104108036
19104108037
19104108038
19104108039
19104108040
19104108041
19104108042
19104108043
19104108044
19104108045
19104108046
19104108047
19104108048
19104108049
19105108001
19105108002
19105108003
19105108004
19105108005
19105108006
19105108007
19105108008
19105108009
19105108010
19105108011
19105108012
19105108013
19105108014
19105108015
19105108016
19105108017
19105108018
19105108019
19105108020
19105108021
19105108022
19105108023
19105108024
19105108025
19105108026
19105108027
19105108028
19105108029
19105108030
19105108031
19105108032
19105108033
19105108034
19105108035
19105108036
19105108037
19105108038
19105108039
19105108040
19105108041
19105108042
19105108043
19105108044
19105108045
19105108046
19105108047
19105108048
19105108049
19101109001
19101109002
19101109003
19101109004
19101109005
19101109006
19101109007
19101109008
19101109009
19101109010
19101109011
19101109012
19101109013
19101109014
19101109015
19101109016
19101109017
19101109018
19101109019
19101109020
19101109021
19101109022
19101109023
19101109024
19101109025
19101109026
19101109027
19101109028
19101109029
19101109030
19101109031
19101109032
19101109033
19101109034
19101109035
19101109036
19101109037
19101109038
19101109039
19101109040
19101109041
19101109042
19101109043
19101109044
19101109045
19101109046
19101109047
19101109048
19101109049
19101109050
19101109051
19101109052
19101109053
19101109054
19101109055
19101109056
19101109057
19101109058
19101109059
19101109060
19105109001
19105109002
19105109003
19105109004
19105109005
19105109006
19105109007
19105109008
19105109009
19105109010
19105109011
19105109012
19105109013
19105109014
19105109015
19105109016
19105109017
19105109018
19105109019
19105109020
19105109021
19105109022
19105109023
19105109024
19105109025
19105109026
19105109027
19105109028
19105109029
19105109030
19105109031
19105109032
19105109033
19105109034
19105109035
19105109036
19105109037
19105109038
19105109039
19105109040
19105109041
19105109042
19105109043
19105109044
19105109045
19105109046
19105109047
19105109048
19105109049
19101110001
19101110002
19101110003
19101110004
19101110005
19101110006
19101110007
19101110008
19101110009
19101110010
19101110011
19101110012
19101110013
19101110014
19101110015
19101110016
19101110017
19101110018
19101110019
19101110020
19101110021
19101110022
19101110023
19101110024
19101110025
19101110026
19101110027
19101110028
19101110029
19101110030
19101110031
19101110032
19101110033
19101110034
19101110035
19101110036
19101110037
19101110038
19101110039
19101110040
19101110041
19101110042
19101110043
19101110044
19101110045
19101110046
19101110047
19101110048
19101110049
19101110050
19101110051
19101110052
19101110053
19101110054
19101110055
19101110056
19101110057
19101110058
19101110059
19101110060
19101110061
19102110001
19102110002
19102110003
19102110004
19102110005
19102110006
19102110007
19102110008
19102110009
19102110010
19102110011
19102110012
19102110013
19102110014
19102110015
19102110016
19102110017
19102110018
19102110019
19102110020
19102110021
19102110022
19102110023
19102110024
19102110025
19102110026
19102110027
19102110028
19102110029
19102110030
19102110031
19102110032
19102110033
19102110034
19102110035
19102110036
19102110037
19102110038
19102110039
19102110040
19102110041
19102110042
19102110043
19102110044
19102110045
19102110046
19102110047
19102110048
19102110049
19102110050
19102110051
19102110052
19102110053
19102110054
19102110055
19102110056
19102110057
19102110058
19105110001
19105110002
19105110003
19105110004
19105110005
19105110006
19105110007
19105110008
19105110009
19105110010
19105110011
19105110012
19105110013
19105110014
19105110015
19105110016
19105110017
19105110018
19105110019
19105110020
19105110021
19105110022
19105110023
19105110024
19105110025
19105110026
19105110027
19105110028
19105110029
19105110030
19105110031
19105110032
19105110033
19105110034
19105110035
19105110036
19105110037
19105110038
19105110039
19105110040
19105110041
19105110042
19105110043
19105110044
19105110045
19105110046
19105110047
19105110048
19105110049
19105110050
19105110051
19105110052
19105110053
19105110054
19105110055
19105110056
19105110057
19105110058
19105110059
19105110060
19105110061
19101111001
19101111002
19101111003
19101111004
19101111005
19101111006
19101111007
19101111008
19101111009
19101111010
19101111011
19101111012
19101111013
19101111014
19101111015
19101111016
19101111017
19101111018
19101111019
19101111020
19101111021
19101111022
19101111023
19101111024
19101111025
19101111026
19101111027
19101111028
19101111029
19101111030
19101111031
19101111032
19101111033
19101111034
19101111035
19101111036
19101111037
19101111038
19101111039
19101111040
19101111041
19101111042
19102111001
19102111002
19102111003
19102111004
19102111005
19102111006
19102111007
19102111008
19102111009
19102111010
19102111011
19102111012
19102111013
19102111014
19102111015
19102111016
19102111017
19102111018
19102111019
19102111020
19102111021
19102111022
19102111023
19102111024
19102111025
19102111026
19102111027
19102111028
19102111029
19102111030
19102111031
19102111032
19102111033
19102111034
19102111035
19102111036
19102111037
19102111038
19102111039
19102111040
19105111001
19105111002
19105111003
19105111004
19105111005
19105111006
19105111007
19105111008
19105111009
19105111010
19105111011
19105111012
19105111013
19105111014
19105111015
19105111016
19105111017
19105111018
19105111019
19105111020
19105111021
19105111022
19105111023
19105111024
19105111025
19105111026
19105111027
19105111028
19105111029
19105111030
19105111031
19105111032
19105111033
19105111034
19105111035
19105111036
19105111037
19105111038
19105111039
19105111040
19105111041
19105111042
19105111043
19101113001
19101113002
19101113003
19101113004
19101113005
19101113006
19101113007
19101113008
19101113009
19101113010
19101113011
19101113012
19101113013
19101113014
19101113015
19101113016
19101113017
19101113018
19101113019
19101113020
19101113021
19101113022
19101113023
19101113024
19101113025
19101113026
19101113027
19101113028
19101113029
19101113030
19101113031
19101113032
19101113033
19101113034
19101113035
19101113036
19101113037
19101113038
19101113039
19101113040
19101113041
19101113042
19101113043
19101113044
19101113045
19101113046
19101113047
19101113048
19101113049
19101113050
19101113051
19101113052
19101113053
19101113054
19101113055
19101113056
19101113057
19101113058
19101113059
19101113060
19102113001
19102113002
19102113003
19102113004
19102113005
19102113006
19102113007
19102113008
19102113009
19102113010
19102113011
19102113012
19102113013
19102113014
19102113015
19102113016
19102113017
19102113018
19102113019
19102113020
19102113021
19102113022
19102113023
19102113024
19102113025
19102113026
19102113027
19102113028
19102113029
19102113030
19102113031
19102113032
19102113033
19102113034
19102113035
19102113036
19102113037
19102113038
19102113039
19102113040
19102113041
19102113042
19102113043
19102113044
19102113045
19102113046
19102113047
19102113048
19102113049
19102113050
19102113051
19102113052
19102113053
19102113054
19102113055
19102113056
19102113057
19102113058
19102113059
19105113001
19105113002
19105113003
19105113004
19105113005
19105113006
19105113007
19105113008
19105113009
19105113010
19105113011
19105113012
19105113013
19105113014
19105113015
19105113016
19105113017
19105113018
19105113019
19105113020
19105113021
19105113022
19105113023
19105113024
19105113025
19105113026
19105113027
19105113028
19105113029
19105113030
19105113031
19105113032
19105113033
19105113034
19105113035
19105113036
19105113037
19105113038
19105113039
19105113040
19105113041
19105113042
19105113043
19105113044
19105113045
19105113046
19105113047
19105113048
19105113049
19105113050
19105113051
19105113052
19105113053
19105113054
19105113055
19105113056
19105113057
19105113058
19101115001
19101115002
19101115003
19101115004
19101115005
19101115006
19101115007
19101115008
19101115009
19101115010
19101115011
19101115012
19101115013
19101115014
19101115015
19101115016
19101115017
19101115018
19101115019
19101115020
19101115021
19101115022
19101115023
19101115024
19101115025
19101115026
19101115027
19101115028
19101115029
19101115030
19101115031
19101115032
19101115033
19101115034
19101115035
19101115036
19101115037
19101115038
19102115001
19102115002
19102115003
19101117001
19101117002
19101117003
19101117004
19101117005
19101117006
19101117007
19101117008
19101117009
19101117010
19101117011
19101117012
19101117013
19101117014
19101117015
19101117016
19101117017
19101117018
19101117019
19101117020
19101117021
19101117022
19101117023
19101117024
19101117025
19101117026
19101117027
19101117028
19101117029
19101117030
19101117031
19101117032
19101117033
19101117034
19101117035
19101117036
19101117037
19101117038
19101117039
19101117040
19101117041
19101117042
19101117043
19101117044
19101117045
19101117046
19101117047
19101117048
19101117049
19101117050
19101117051
19101117052
19101117053
19102117001
19102117002
19102117003
19102117004
19102117005
19102117006
19102117007
19102117008
19102117009
19102117010
19102117011
19102117012
19102117013
19102117014
19102117015
19102117016
19102117017
19102117018
19102117019
19102117020
19102117021
19102117022
19102117023
19102117024
19102117025
19102117026
19102117027
19102117028
19102117029
19102117030
19102117031
19102117032
19102117033
19102117034
19102117035
19102117036
19102117037
19102117038
19102117039
19102117040
19102117041
19102117042
19102117043
19102117044
19102117045
19102117046
19102117047
19102117048
19102117049
19102117050
19102117051
19102117052
19102117053
19102117054
19102117055
19105117001
19105117002
19105117003
19105117004
19105117005
19105117006
19105117007
19105117008
19105117009
19105117010
19105117011
19105117012
19105117013
19105117014
19105117015
19105117016
19105117017
19105117018
19105117019
19105117020
19105117021
19105117022
19105117023
19105117024
19105117025
19105117026
19105117027
19105117028
19105117029
19105117030
19105117031
19105117032
19105117033
19105117034
19105117035
19105117036
19105117037
19105117038
19105117039
19105117040
19105117041
19105117042
19105117043
19105117044
19105117045
19105117046
19105117047
19105117048
19105117049
19105117050
19105117051
19105117052
19105117053
19105117054
19105117055
19105117056
19105117057
19105117058
19101118001
19101118002
19101118003
19101118004
19101118005
19101118006
19101118007
19101118008
19103118001
19103118002
19105118001
19105118002
19105118003
19105118004
19105118005
19105118006
19105118007
19105118008
19105118009
19101123001
19101123002
19101123003
19101123004
19101123005
19101123006
19101123007
19101123008
19101123009
19101123010
19101123011
19101123012
19101123013
19101123014
19101123015
19101123016
19101123017
19101123018
19102123001
19102123002
19102123003
19102123004
19102123005
19102123006
19102123007
19102123008
19102123009
19102123010
19102123011
19102123012
19102123013
19102123014
19102123015
19102123016
19102123017
19102123018
19102123019
19102123020
19102123021
19102123022
19102123023
19102123024
19103123001
19103123002
19103123003
19103123004
19104123001
19105123001
19105123002
19105123003
19105123004
19105123005
19105123006
19105123007
19105123008
19105123009
19105123010
19105123011
19105123012
19105123013
19105123014
19105123015
19317123001
19317123002
19317123003
19317123004
19317123005
19317123006
19317123007
19317123008
19317123009
19317123010
19317123011
19317123012
19317123013
19317123014
19317123015
19317123016
19317123017
19317123018
19317123019
19317123020
19317123021
19317123022
19317123023
19317123024
19317123025
19317123026
19101124001
19101124002
19101124003
19101124004
19101124005
19101124006
19101124007
19101124008
19101124009
19101124010
19101124011
19101124012
19101124013
19101124014
19101124015
19101124016
19101124017
19101124018
19101124019
19101124020
19101124021
19101124022
19101124023
19101124024
19101124025
19101124026
19101124027
19101124028
19101124029
19101124030
19101124031
19101124032
19101124033
19101124034
19101124035
19101124036
19101124037
19101124038
19101124039
19101124040
19101124041
19101124042
19101124043
19101124044
19101124045
19101124046
19101124047
19101124048
19101124049
19101124050
19101124051
19101124052
19101124053
19101124054
19101124055
19101124056
19101124057
19101124058
19101124059
19102124001
19102124002
19102124003
19102124004
19102124005
19102124006
19102124007
19102124008
19102124009
19102124010
19102124011
19102124012
19102124013
19102124014
19102124015
19102124016
19102124017
19102124018
19102124019
19102124020
19102124021
19102124022
19102124023
19102124024
19102124025
19102124026
19102124027
19102124028
19102124029
19102124030
19102124031
19102124032
19102124033
19102124034
19102124035
19102124036
19102124037
19102124038
19102124039
19102124040
19102124041
19102124042
19102124043
19102124044
19102124045
19102124046
19102124047
19102124048
19102124049
19102124050
19102124051
19102124052
19105124001
19105124002
19105124003
19105124004
19105124005
19105124006
19105124007
19105124008
19105124009
19105124010
19105124011
19105124012
19105124013
19105124014
19105124015
19105124016
19105124017
19105124018
19105124019
19105124020
19105124021
19105124022
19105124023
19105124024
19105124025
19105124026
19105124027
19105124028
19105124029
19105124030
19105124031
19105124032
19105124033
19105124034
19105124035
19105124036
19105124037
19105124038
19105124039
19105124040
19105124041
19105124042
19105124043
19105124044
19105124045
19105124046
19105124047
19105124048
19105124049
19105124050
19105124051
19105124052
19105124053
19105124054
19105124055
19105124056
19105124057
19105124058
19105124059
19105124060
19101125001
19101125002
19101125003
19101125004
19101125005
19101125006
19101125007
19101125008
19101125009
19101125010
19101125011
19101125012
19101125013
19101125014
19101125015
19101125016
19101125017
19101125018
19101125019
19101125020
19101125021
19101125022
19101125023
19101125024
19101125025
19101125026
19101125027
19101125028
19101125029
19101125030
19101125031
19101125032
19101125033
19101125034
19101125035
19101125036
19101125037
19101125038
19101125039
19101125040
19101125041
19101125042
19101125043
19101125044
19101125045
19101125046
19101125047
19101125048
19101125049
19101125050
19101125051
19101125052
19101125053
19101125054
19101125055
19101125056
19101125057
19101125058
19101125059
19101125060
19102125001
19102125002
19102125003
19102125004
19102125005
19102125006
19102125007
19102125008
19102125009
19102125010
19102125011
19102125012
19102125013
19102125014
19102125015
19102125016
19102125017
19102125018
19102125019
19102125020
19102125021
19102125022
19102125023
19102125024
19102125025
19102125026
19102125027
19102125028
19102125029
19102125030
19102125031
19102125032
19102125033
19102125034
19102125035
19102125036
19102125037
19102125038
19102125039
19102125040
19102125041
19102125042
19102125043
19102125044
19102125045
19102125046
19102125047
19102125048
19102125049
19102125050
19102125051
19102125052
19102125053
19102125054
19102125055
19102125056
19102125057
19102125058
19102125059
19102125060
19102125061
19102125062
19105125001
19105125002
19105125003
19105125004
19105125005
19105125006
19105125007
19105125008
19105125009
19105125010
19105125011
19105125012
19105125013
19105125014
19105125015
19105125016
19105125017
19105125018
19105125019
19105125020
19105125021
19105125022
19105125023
19105125024
19105125025
19105125026
19105125027
19105125028
19105125029
19105125030
19105125031
19105125032
19105125033
19105125034
19105125035
19105125036
19105125037
19105125038
19105125039
19105125040
19105125041
19105125042
19105125043
19105125044
19105125045
19105125046
19105125047
19105125048
19105125049
19105125050
19105125051
19105125052
19105125053
19105125054
19105125055
19105125056
19101126001
19101126002
19101126003
19101126004
19101126005
19101126006
19101126007
19101126008
19101126009
19101126010
19101126011
19101126012
19101126013
19101126014
19101126015
19101126016
19101126017
19101126018
19101126019
19101126020
19101126021
19101126022
19101126023
19101126024
19101126025
19101126026
19101126027
19101126028
19101126029
19101126030
19101126031
19101126032
19101126033
19101126034
19101126035
19101126036
19101126037
19101126038
19101126039
19101126040
19101126041
19101126042
19101126043
19101126044
19101126045
19101126046
19101126047
19101126048
19101126049
19101126050
19101126051
19101126052
19101126053
19101126054
19101126055
19101126056
19101126057
19101126058
19101126059
19101126060
19102126001
19102126002
19102126003
19102126004
19102126005
19102126006
19102126007
19102126008
19102126009
19102126010
19102126011
19102126012
19102126013
19102126014
19102126015
19102126016
19102126017
19102126018
19102126019
19102126020
19102126021
19102126022
19102126023
19102126024
19102126025
19102126026
19102126027
19102126028
19102126029
19102126030
19102126031
19102126032
19102126033
19102126034
19102126035
19102126036
19102126037
19102126038
19102126039
19102126040
19102126041
19102126042
19102126043
19102126044
19102126045
19102126046
19102126047
19102126048
19102126049
19102126050
19102126051
19102126052
19102126053
19102126054
19102126055
19102126056
19102126057
19102126058
19102126059
19102126060
19102126061
19102126062
19105126001
19105126002
19105126003
19105126004
19105126005
19105126006
19105126007
19105126008
19105126009
19105126010
19105126011
19105126012
19105126013
19105126014
19105126015
19105126016
19105126017
19105126018
19105126019
19105126020
19105126021
19105126022
19105126023
19105126024
19105126025
19105126026
19105126027
19105126028
19105126029
19105126030
19105126031
19105126032
19105126033
19105126034
19105126035
19105126036
19105126037
19105126038
19105126039
19105126040
19105126041
19105126042
19105126043
19105126044
19105126045
19105126046
19105126047
19105126048
19105126049
19105126050
19105126051
19105126052
19105126053
19105126054
19105126055
19105126056
19105126057
19105126058
19105126059
19105126060
19110126001
19110126002
19110126003
19110126004
19110126005
19110126006
19110126007
19110126008
19110126009
19110126010
19110126011
19110126012
19110126013
19110126014
19110126015
19110126016
19110126017
19110126018
19110126019
19110126020
19110126021
19110126022
19110126023
19110126024
19110126025
19110126026
19110126027
19110126028
19110126029
19110126030
19110126031
19110126032
19110126033
19110126034
19110126035
19110126036
19110126037
19110126038
19110126039
19110126040
19110126041
19110126042
19110126043
19110126044
19110126045
19110126046
19110126047
19110126048
19110126049
19110126050
19110126051
19110126052
19110126053
19110126054
19110126055
19110126056
19110126057
19110126058
19110126059
19110126060
19110126061
19101127001
19101127002
19101127003
19101127004
19101127005
19101127006
19101127007
19101127008
19101127009
19101127010
19101127011
19101127012
19101127013
19101127014
19101127015
19101127016
19101127017
19101127018
19101127019
19101127020
19101127021
19101127022
19101127023
19101127024
19101127025
19101127026
19101127027
19101127028
19101127029
19101127030
19101127031
19101127032
19101127033
19101127034
19101127035
19101127036
19101127037
19101127038
19101127039
19101127040
19101127041
19101127042
19101127043
19101127044
19101127045
19101127046
19101127047
19101127048
19101127049
19101127050
19101127051
19101127052
19101127053
19101127054
19102127001
19102127002
19102127003
19102127004
19102127005
19102127006
19102127007
19102127008
19102127009
19102127010
19102127011
19102127012
19102127013
19102127014
19102127015
19102127016
19102127017
19102127018
19102127019
19102127020
19102127021
19102127022
19102127023
19102127024
19102127025
19102127026
19102127027
19102127028
19102127029
19102127030
19102127031
19102127032
19102127033
19102127034
19102127035
19102127036
19102127037
19102127038
19102127039
19102127040
19102127041
19102127042
19102127043
19102127044
19102127045
19102127046
19102127047
19102127048
19102127049
19102127050
19102127051
19102127052
19102127053
19103127001
19103127002
19103127003
19103127004
19103127005
19103127006
19103127007
19103127008
19103127009
19103127010
19103127011
19103127012
19103127013
19103127014
19103127015
19103127016
19103127017
19103127018
19103127019
19103127020
19103127021
19103127022
19103127023
19103127024
19103127025
19103127026
19103127027
19103127028
19103127029
19103127030
19103127031
19103127032
19103127033
19103127034
19103127035
19103127036
19103127037
19103127038
19103127039
19103127040
19103127041
19103127042
19103127043
19103127044
19103127045
19103127046
19103127047
19103127048
19103127049
19103127050
19103127051
19103127052
19105127001
19105127002
19105127003
19105127004
19105127005
19105127006
19105127007
19105127008
19105127009
19105127010
19105127011
19105127012
19105127013
19105127014
19105127015
19105127016
19105127017
19105127018
19105127019
19105127020
19105127021
19105127022
19105127023
19105127024
19105127025
19105127026
19105127027
19105127028
19105127029
19105127030
19105127031
19105127032
19105127033
19105127034
19105127035
19105127036
19105127037
19105127038
19105127039
19105127040
19105127041
19105127042
19105127043
19105127044
19105127045
19105127046
19105127047
19105127048
19105127049
19105127050
19101128001
19101128002
19101128003
19101128004
19101128005
19101128006
19101128007
19101128008
19101128009
19101128010
19101128011
19101128012
19101128013
19101128014
19101128015
19101128016
19101128017
19101128018
19101128019
19101128020
19101128021
19101128022
19101128023
19101128024
19101128025
19101128026
19101128027
19101128028
19101128029
19101128030
19101128031
19101128032
19101128033
19101128034
19101128035
19101128036
19101128037
19101128038
19101128039
19101128040
19101128041
19101128042
19101128043
19101128044
19101128045
19101128046
19101128047
19101128048
19101128049
19101128050
19101128051
19101128052
19101128053
19101128054
19101128055
19101128056
19101128057
19101128058
19101128059
19101128060
19101128061
19101128062
19101128063
19101128064
19102128001
19102128002
19102128003
19102128004
19102128005
19102128006
19102128007
19102128008
19102128009
19102128010
19102128011
19102128012
19102128013
19102128014
19102128015
19102128016
19102128017
19102128018
19102128019
19102128020
19102128021
19102128022
19102128023
19102128024
19105128001
19105128002
19105128003
19105128004
19105128005
19105128006
19105128007
19105128008
19105128009
19105128010
19105128011
19105128012
19105128013
19105128014
19105128015
19105128016
19105128017
19105128018
19105128019
19105128020
19105128021
19105128022
19105128023
19105128024
19105128025
19105128026
19105128027
19105128028
19105128029
19105128030
19105128031
19105128032
19105128033
19105128034
19105128035
19105128036
19105128037
19105128038
19105128039
19105128040
19105128041
19105128042
19105128043
19105128044
19105128045
19105128046
19105128047
19105128048
19105128049
19105128050
19105128051
19105128052
19105128053
19105128054
19105128055
19105128056
19101129001
19101129002
19101129003
19101129004
19101129005
19101129006
19101129007
19101129008
19101129009
19101129010
19101129011
19101129012
19101129013
19101129014
19101129015
19101129016
19101129017
19101129018
19101129019
19101129020
19101129021
19101129022
19101129023
19101129024
19101129025
19101129026
19101129027
19101129028
19101129029
19101129030
19101129031
19101129032
19101129033
19101129034
19101129035
19101129036
19101129037
19101129038
19101129039
19101129040
19101129041
19101129042
19101129043
19101129044
19101129045
19101129046
19101129047
19101129048
19101129049
19101129050
19101129051
19101129052
19101129053
19101129054
19101129055
19101129056
19101129057
19101129058
19101129059
19102129001
19102129002
19102129003
19102129004
19102129005
19102129006
19102129007
19102129008
19102129009
19102129010
19102129011
19102129012
19102129013
19102129014
19102129015
19102129016
19102129017
19102129018
19102129019
19102129020
19102129021
19102129022
19102129023
19102129024
19102129025
19102129026
19102129027
19102129028
19102129029
19102129030
19102129031
19102129032
19102129033
19102129034
19102129035
19102129036
19102129037
19102129038
19102129039
19102129040
19102129041
19102129042
19102129043
19102129044
19102129045
19102129046
19102129047
19102129048
19102129049
19102129050
19102129051
19102129052
19105129001
19105129002
19105129003
19105129004
19105129005
19105129006
19105129007
19105129008
19105129009
19105129010
19105129011
19105129012
19105129013
19105129014
19105129015
19105129016
19105129017
19105129018
19105129019
19105129020
19105129021
19105129022
19105129023
19105129024
19105129025
19105129026
19105129027
19105129028
19105129029
19105129030
19105129031
19105129032
19105129033
19105129034
19105129035
19105129036
19105129037
19105129038
19105129039
19105129040
19105129041
19105129042
19105129043
19105129044
19105129045
19105129046
19105129047
19105129048
19105129049
19105129050
19105129051
19105129052
19105129053
19105129054
19105129055
19105129056
19105129057
19101130001
19101130002
19101130003
19101130004
19101130005
19101130006
19101130007
19101130008
19101130009
19101130010
19101130011
19101130012
19101130013
19101130014
19101130015
19101130016
19101130017
19101130018
19101130019
19101130020
19101130021
19101130022
19101130023
19101130024
19101130025
19101130026
19101130027
19101130028
19101130029
19101130030
19101130031
19101130032
19101130033
19101130034
19101130035
19101130036
19101130037
19101130038
19101130039
19101130040
19101130041
19101130042
19101130043
19101130044
19101130045
19101130046
19101130047
19101130048
19101130049
19101130050
19101130051
19101130052
19101130053
19101130054
19101130055
19101130056
19101130057
19101130058
19101130059
19101130060
19101130061
19101130062
19102130001
19102130002
19102130003
19102130004
19102130005
19102130006
19102130007
19102130008
19102130009
19102130010
19102130011
19102130012
19102130013
19102130014
19102130015
19102130016
19102130017
19102130018
19102130019
19102130020
19102130021
19102130022
19102130023
19102130024
19102130025
19102130026
19102130027
19102130028
19102130029
19102130030
19102130031
19102130032
19102130033
19102130034
19102130035
19102130036
19102130037
19102130038
19102130039
19102130040
19102130041
19102130042
19102130043
19102130044
19102130045
19102130046
19102130047
19103130001
19103130002
19103130003
19103130004
19103130005
19103130006
19103130007
19103130008
19103130009
19103130010
19103130011
19103130012
19103130013
19103130014
19103130015
19103130016
19103130017
19103130018
19103130019
19103130020
19103130021
19103130022
19103130023
19103130024
19103130025
19103130026
19103130027
19103130028
19103130029
19103130030
19103130031
19103130032
19103130033
19103130034
19103130035
19103130036
19103130037
19103130038
19103130039
19103130040
19103130041
19103130042
19103130043
19103130044
19103130045
19103130046
19103130047
19103130048
19103130049
19103130050
19103130051
19103130052
19103130053
19103130054
19103130055
19103130056
19103130057
19104130001
19104130002
19104130003
19104130004
19104130005
19104130006
19104130007
19104130008
19104130009
19104130010
19104130011
19104130012
19104130013
19104130014
19104130015
19104130016
19104130017
19104130018
19104130019
19104130020
19104130021
19104130022
19104130023
19104130024
19104130025
19104130026
19101131001
19101131002
19101131003
19101131004
19101131005
19101131006
19101131007
19101131008
19101131009
19101131010
19101131011
19101131012
19101131013
19101131014
19101131015
19101131016
19101131017
19101131018
19101131019
19101131020
19101131021
19101131022
19101131023
19101131024
19101131025
19101131026
19101131027
19101131028
19101131029
19101131030
19101131031
19101131032
19101131033
19101131034
19101131035
19101131036
19101131037
19101131038
19101131039
19101131040
19101131041
19101131042
19101131043
19101131044
19101131045
19101131046
19101131047
19101131048
19101131049
19101131050
19101131051
19101131052
19101131053
19101131054
19101131055
19101131056
19101131057
19101131058
19101131059
19101131060
19101131061
19102131001
19102131002
19102131003
19102131004
19102131005
19102131006
19102131007
19102131008
19102131009
19102131010
19102131011
19102131012
19102131013
19102131014
19102131015
19102131016
19102131017
19102131018
19102131019
19102131020
19102131021
19102131022
19102131023
19102131024
19102131025
19102131026
19102131027
19102131028
19102131029
19102131030
19102131031
19102131032
19102131033
19102131034
19102131035
19102131036
19102131037
19102131038
19102131039
19102131040
19102131041
19102131042
19102131043
19102131044
19102131045
19102131046
19102131047
19102131048
19102131049
19102131050
19102131051
19102131052
19102131053
19102131054
19102131055
19102131056
19102131057
19103131001
19103131002
19103131003
19103131004
19103131005
19103131006
19103131007
19103131008
19103131009
19103131010
19103131011
19103131012
19103131013
19103131014
19103131015
19103131016
19103131017
19103131018
19103131019
19103131020
19103131021
19103131022
19103131023
19103131024
19103131025
19103131026
19103131027
19103131028
19103131029
19103131030
19103131031
19103131032
19103131033
19103131034
19103131035
19103131036
19103131037
19103131038
19103131039
19103131040
19103131041
19103131042
19103131043
19103131044
19103131045
19103131046
19103131047
19103131048
19103131049
19103131050
19103131051
19103131052
19103131053
19103131054
19103131055
19103131056
19103131057
19103131058
19103131059
19104131001
19104131002
19104131003
19104131004
19104131005
19104131006
19104131007
19104131008
19104131009
19104131010
19104131011
19104131012
19104131013
19104131014
19104131015
19104131016
19104131017
19104131018
19104131019
19104131020
19104131021
19104131022
19104131023
19104131024
19104131025
19104131026
19104131027
19104131028
19104131029
19104131030
19104131031
19104131032
19104131033
19104131034
19104131035
19104131036
19104131037
19104131038
19104131039
19104131040
19104131041
19104131042
19104131043
19104131044
19104131045
19104131046
19104131047
19104131048
19104131049
19104131050
19104131051
19104131052
19104131053
19104131054
19104131055
19104131056
19104131057
19104131058
19101132001
19101132002
19101132003
19101132004
19101132005
19101132006
19101132007
19101132008
19101132009
19101132010
19101132011
19101132012
19101132013
19101132014
19101132015
19101132016
19101132017
19101132018
19101132019
19101132020
19101132021
19101132022
19101132023
19101132024
19101132025
19101132026
19101132027
19101132028
19101132029
19101132030
19101132031
19101132032
19101132033
19101132034
19101132035
19101132036
19101132037
19101132038
19101132039
19101132040
19101132041
19101132042
19101132043
19101132044
19101132045
19101132046
19101132047
19101132048
19101132049
19101132050
19101132051
19101132052
19101132053
19101132054
19101132055
19101132056
19101132057
19101132058
19101132059
19101132060
19101132061
19101132062
19101132063
19101132064
19102132001
19102132002
19102132003
19102132004
19102132005
19102132006
19102132007
19102132008
19102132009
19102132010
19102132011
19102132012
19102132013
19102132014
19102132015
19102132016
19102132017
19102132018
19102132019
19102132020
19102132021
19102132022
19102132023
19102132024
19102132025
19102132026
19102132027
19102132028
19102132029
19102132030
19102132031
19102132032
19102132033
19102132034
19102132035
19102132036
19102132037
19102132038
19103132001
19103132002
19103132003
19103132004
19103132005
19103132006
19103132007
19103132008
19103132009
19103132010
19103132011
19103132012
19103132013
19103132014
19103132015
19103132016
19103132017
19103132018
19103132019
19103132020
19103132021
19103132022
19103132023
19103132024
19103132025
19103132026
19103132027
19103132028
19103132029
19103132030
19103132031
19103132032
19103132033
19103132034
19103132035
19103132036
19103132037
19103132038
19103132039
19103132040
19103132041
19103132042
19103132043
19103132044
19103132045
19103132046
19103132047
19103132048
19103132049
19103132050
19103132051
19103132052
19103132053
19103132054
19103132055
19103132056
19103132057
19103132058
19103132059
19103132060
19103132061
19103132062
19103132063
19103132064
19103132065
19104132001
19104132002
19104132003
19104132004
19104132005
19104132006
19104132007
19104132008
19104132009
19104132010
19104132011
19104132012
19104132013
19104132014
19104132015
19104132016
19104132017
19104132018
19104132019
19104132020
19104132021
19104132022
19104132023
19104132024
19104132025
19104132026
19104132027
19101133001
19101133002
19101133003
19101133004
19101133005
19101133006
19101133007
19101133008
19101133009
19101133010
19101133011
19101133012
19101133013
19101133014
19101133015
19101133016
19101133017
19101133018
19101133019
19101133020
19101133021
19101133022
19101133023
19101133024
19101133025
19101133026
19101133027
19101133028
19101133029
19101133030
19101133031
19101133032
19101133033
19101133034
19101133035
19101133036
19101133037
19101133038
19101133039
19101133040
19101133041
19101133042
19101133043
19101133044
19101133045
19101133046
19101133047
19101133048
19101133049
19101133050
19101133051
19101133052
19101133053
19102133001
19102133002
19102133003
19102133004
19102133005
19102133006
19102133007
19102133008
19102133009
19102133010
19103133001
19103133002
19103133003
19103133004
19103133005
19103133006
19103133007
19103133008
19103133009
19103133010
19103133011
19103133012
19103133013
19103133014
19103133015
19103133016
19103133017
19103133018
19103133019
19103133020
19103133021
19103133022
19103133023
19103133024
19103133025
19104133001
19104133002
19104133003
19104133004
19104133005
19104133006
19104133007
19104133008
19104133009
19104133010
19104133011
19104133012
19101134001
19101134002
19101134003
19101134004
19101134005
19101134006
19101134007
19101134008
19101134009
19101134010
19101134011
19101134012
19101134013
19101134014
19101134015
19101134016
19101134017
19101134018
19101134019
19101134020
19101134021
19101134022
19101134023
19101134024
19101134025
19101134026
19101134027
19101134028
19101134029
19101134030
19101134031
19101134032
19101134033
19101134034
19101134035
19101134036
19101134037
19101134038
19101134039
19101134040
19101134041
19101134042
19101134043
19101134044
19101134045
19101134046
19101134047
19101134048
19101134049
19101134050
19101134051
19101134052
19101134053
19101134054
19101134055
19101134056
19101134057
19101134058
19102134001
19102134002
19102134003
19102134004
19102134005
19102134006
19102134007
19102134008
19102134009
19102134010
19102134011
19102134012
19102134013
19102134014
19102134015
19102134016
19102134017
19103134001
19103134002
19103134003
19103134004
19103134005
19103134006
19103134007
19103134008
19103134009
19103134010
19103134011
19103134012
19103134013
19103134014
19103134015
19103134016
19103134017
19103134018
19103134019
19103134020
19103134021
19103134022
19103134023
19103134024
19103134025
19103134026
19103134027
19103134028
19103134029
19103134030
19103134031
19103134032
19103134033
19103134034
19103134035
19103134036
19103134037
19103134038
19103134039
19103134040
19103134041
19103134042
19103134043
19104134001
19104134002
19104134003
19104134004
19104134005
19104134006
19104134007
19104134008
19104134009
19104134010
19104134011
19104134012
19104134013
19104134014
19104134015
19104134016
19104134017
19104134018
19104134019
19104134020
19104134021
19104134022
19104134023
19104134024
19104134025
19104134026
19104134027
19101135001
19101135002
19101135003
19101135004
19101135005
19101135006
19101135007
19101135008
19101135009
19101135010
19101135011
19101135012
19101135013
19101135014
19101135015
19101135016
19101135017
19101135018
19101135019
19101135020
19101135021
19101135022
19101135023
19101135024
19101135025
19101135026
19101135027
19101135028
19101135029
19101135030
19101135031
19101135032
19101135033
19101135034
19101135035
19101135036
19101135037
19101135038
19101135039
19101135040
19101135041
19101135042
19101135043
19101135044
19101135045
19101135046
19101135047
19101135048
19101135049
19101135050
19101135051
19101135052
19101135053
19101135054
19101135055
19101135056
19101135057
19101135058
19102135001
19102135002
19102135003
19102135004
19102135005
19102135006
19102135007
19102135008
19102135009
19102135010
19102135011
19102135012
19102135013
19102135014
19102135015
19102135016
19102135017
19102135018
19102135019
19102135020
19102135021
19102135022
19102135023
19102135024
19102135025
19102135026
19102135027
19102135028
19102135029
19102135030
19102135031
19102135032
19102135033
19102135034
19102135035
19102135036
19102135037
19102135038
19102135039
19102135040
19103135001
19103135002
19103135003
19103135004
19103135005
19103135006
19103135007
19103135008
19103135009
19103135010
19103135011
19103135012
19103135013
19103135014
19103135015
19103135016
19103135017
19103135018
19103135019
19103135020
19103135021
19103135022
19103135023
19103135024
19103135025
19103135026
19103135027
19103135028
19103135029
19103135030
19103135031
19103135032
19103135033
19103135034
19103135035
19103135036
19103135037
19103135038
19103135039
19103135040
19103135041
19103135042
19103135043
19103135044
19103135045
19103135046
19103135047
19103135048
19103135049
19103135050
19103135051
19103135052
19103135053
19104135001
19104135002
19104135003
19104135004
19104135005
19104135006
19104135007
19104135008
19104135009
19104135010
19104135011
19104135012
19104135013
19104135014
19104135015
19104135016
19104135017
19104135018
19104135019
19104135020
19104135021
19104135022
19104135023
19104135024
19104135025
19104135026
19104135027
19104135028
19104135029
19104135030
19104135031
19104135032
19104135033
19104135034
19104135035
19104135036
19104135037
19104135038
19104135039
19104135040
19104135041
19104135042
19104135043
19101139001
19101139002
19101139003
19101139004
19101139005
19101139006
19101139007
19101139008
19101139009
19101139010
19101139011
19101139012
19101139013
19101139014
19101139015
19101139016
19101139017
19101139018
19101139019
19101139020
19101139021
19101139022
19101139023
19101139024
19101139025
19101139026
19101139027
19101139028
19101139029
19101139030
19101139031
19101139032
19101139033
19101139034
19101139035
19101139036
19101139037
19101139038
19101139039
19101139040
19101139041
19101139042
19102139001
19102139002
19102139003
19102139004
19102139005
19102139006
19102139007
19104139001
19104139002
19104139003
19104139004
19105139001
19105139002
19105139003
19105139004
19105139005
19105139006
19105139007
19105139008
19105139009
19105139010
19105139011
19105139012
19105139013
19105139014
19105139015
19105139016
19105139017
19105139018
19105139019
19105139020
19105139021
19105139022
19105139023
19110139001
19110139002
19110139003
19110139004
19110139005
19110139006
19110139007
19110139008
19110139009
19110139010
19110139011
19110139012
19317139001
19317139002
19317139003
19317139004
19317139005
19317139006
19317139007
19317139008
19317139009
19317139010
19317139011
19317139012
19317139013
19317139014
19317139015
19317139016
19317139017
19317139018
19317139019
19317139020
19317139021
19317139022
19317139023
19317139024
19317139025
19317139026
19317139027
19317139028
19317139029
19317139030
19317139031
19317139032
19317139033
19317139034
19317139035
19317139036
19317139037
19317139038
19317139039
19317139040
19317139041
19317139042
19317139043
19317139044
19317139045
19317139046
19317139047
19317139048
19317139049
19317139050
19317139051
19317139052
19101140001
19101140002
19101140003
19101140004
19101140005
19101140006
19101140007
19101140008
19101140009
19101140010
19101140011
19101140012
19101140013
19101140014
19101140015
19101140016
19101140017
19101140018
19101140019
19101140020
19101140021
19101140022
19101140023
19101140024
19101140025
19101140026
19101140027
19101140028
19101140029
19101140030
19101140031
19101140032
19101140033
19101140034
19101140035
19101140036
19101140037
19101140038
19101140039
19101140040
19101140041
19101140042
19101140043
19101140044
19101140045
19102140001
19102140002
19102140003
19102140004
19102140005
19102140006
19102140007
19102140008
19102140009
19102140010
19102140011
19102140012
19102140013
19102140014
19102140015
19102140016
19102140017
19102140018
19102140019
19102140020
19102140021
19102140022
19102140023
19102140024
19102140025
19102140026
19102140027
19102140028
19102140029
19102140030
19102140031
19102140032
19102140033
19102140034
19102140035
19102140036
19102140037
19102140038
19102140039
19102140040
19102140041
19102140042
19102140043
19102140044
19102140045
19102140046
19102140047
19102140048
19102140049
19102140050
19104140001
19104140002
19104140003
19104140004
19104140005
19104140006
19104140007
19104140008
19104140009
19104140010
19104140011
19104140012
19104140013
19105140001
19105140002
19105140003
19105140004
19105140005
19105140006
19105140007
19105140008
19105140009
19105140010
19105140011
19105140012
19105140013
19105140014
19105140015
19105140016
19105140017
19105140018
19105140019
19105140020
19105140021
19105140022
19105140023
19105140024
19105140025
19105140026
19105140027
19105140028
19105140029
19105140030
19105140031
19105140032
19105140033
19105140034
19110140001
19110140002
19110140003
19110140004
19110140005
19110140006
19110140007
19110140008
19110140009
19110140010
19110140011
19110140012
19110140013
19110140014
19110140015
19110140016
19110140017
19110140018
19110140019
19110140020
19110140021
19110140022
19110140023
19110140024
19110140025
19110140026
19110140027
19110140028
19110140029
19101141001
19101141002
19101141003
19101141004
19101141005
19101141006
19101141007
19101141008
19101141009
19101141010
19101141011
19101141012
19101141013
19101141014
19101141015
19101141016
19101141017
19101141018
19101141019
19101141020
19101141021
19101141022
19101141023
19101141024
19101141025
19101141026
19101141027
19101141028
19101141029
19101141030
19101141031
19101141032
19101141033
19101141034
19101141035
19101141036
19101141037
19101141038
19101141039
19101141040
19101141041
19101141042
19101141043
19101141044
19101141045
19101141046
19101141047
19101141048
19101141049
19101141050
19101141051
19101141052
19101141053
19101141054
19101141055
19101141056
19101141057
19101141058
19101141059
19101141060
19101141061
19101141062
19101141063
19101141064
19101141065
19101141066
19101141067
19101141068
19101141069
19101141070
19101141071
19101141072
19101141073
19101141074
19102141001
19102141002
19102141003
19102141004
19102141005
19102141006
19102141007
19102141008
19102141009
19102141010
19102141011
19102141012
19102141013
19102141014
19103141001
19103141002
19103141003
19103141004
19103141005
19103141006
19103141007
19103141008
19103141009
19103141010
19103141011
19103141012
19103141013
19103141014
19103141015
19103141016
19103141017
19103141018
19103141019
19103141020
19103141021
19103141022
19103141023
19103141024
19103141025
19103141026
19101143001
19101143002
19101143003
19101143004
19101143005
19101143006
19101143007
19101143008
19101143009
19101143010
19101143011
19101143012
19101143013
19101143014
19101143015
19101143016
19101143017
19101143018
19101143019
19101143020
19101143021
19101143022
19101143023
19103143001
19103143002
19101144001
19101144002
19101144003
19101144004
19101144005
19101144006
19101144007
19101144008
19101144009
19101144010
19101144011
19101144012
19101144013
19101144014
19101144015
19101144016
19101144017
19101144018
19101144019
19101144020
19101144021
19101144022
19101144023
19101144024
19101144025
19101144026
19101144027
19101144028
19101144029
19101144030
19101144031
19101144032
19101144033
19101144034
19101144035
19101144036
19101144037
19101144038
19101144039
19101144040
19101144041
19101144042
19101144043
19101144044
19101144045
19101144046
19101144047
19101144048
19101144049
19101144050
19101144051
19101144052
19101144053
19101144054
19101144055
19101144056
19101144057
19101144058
19101144059
19101144060
19101144061
19101144062
19102144001
19102144002
19102144003
19103144001
19103144002
19103144003
19103144004
19103144005
19103144006
19103144007
19103144008
19103144009
19103144010
19103144011
19103144012
19103144013
19103144014
19103144015
19103144016
19103144017
19103144018
19103144019
19103144020
19101148001
19101148002
19101148003
19101148004
19101148005
19101148006
19101148007
19101148008
19101148009
19101148010
19101148011
19101148012
19101148013
19101148014
19101148015
19101148016
19101148017
19101148018
19101148019
19101148020
19101148021
19101148022
19101148023
19101148024
19101148025
19101148026
19101148027
19101148028
19101148029
19101148030
19101148031
19101148032
19101148033
19101148034
19101148035
19101148036
19102148001
19103148001
19103148002
19104148001
19104148002
19104148003
19101149001
19101149002
19101149003
19101149004
19101149005
19101149006
19101149007
19101149008
19101149009
19101149010
19101149011
19101149012
19101149013
19101149014
19101149015
19101149016
19101149017
19101149018
19101149019
19101149020
19101149021
19101149022
19101149023
19102149001
19102149002
19103149001
19103149002
19103149003
19103149004
19103149005
19103149006
19103149007
19103149008
19101150001
19101150002
19101150003
19101150004
19101150005
19101150006
19101150007
19101150008
19101150009
19101150010
19101150011
19101150012
19101150013
19101150014
19101150015
19101150016
19101150017
19101150018
19101150019
19101150020
19101150021
19101150022
19101150023
19101150024
19101150025
19101150026
19101150027
19101150028
19101150029
19101150030
19101150031
19101150032
19101150033
19101150034
19101150035
19101150036
19101150037
19101150038
19101150039
19101150040
19101150041
19101150042
19101150043
19101150044
19101150045
19101150046
19101150047
19101150048
19101150049
19101150050
19101150051
19101150052
19101150053
19101150054
19101150055
19101150056
19101150057
19101150058
19101150059
19101150060
19101150061
19101150062
19101150063
19101150064
19101150065
19101150066
19101150067
19101150068
19101150069
19101150070
19101150071
19101150072
19101150073
19101150074
19102150001
19102150002
19102150003
19102150004
19102150005
19103150001
19103150002
19103150003
19103150004
19103150005
19103150006
19103150007
19103150008
19103150009
19103150010
19103150011
19103150012
19103150013
19103150014
19103150015
19103150016
19103150017
19103150018
19103150019
19103150020
19101151001
19101151002
19101151003
19101151004
19101151005
19101151006
19101151007
19101151008
19101151009
19101151010
19101151011
19101151012
19101151013
19101151014
19101151015
19101151016
19101151017
19101151018
19101151019
19101151020
19101151021
19101151022
19101151023
19101151024
19101151025
19101151026
19101151027
19101151028
19101151029
19101151030
19101151031
19101151032
19101151033
19101151034
19101151035
19101151036
19101151037
19101151038
19101151039
19101151040
19101151041
19101151042
19101151043
19102151001
19102151002
19102151003
19102151004
19102151005
19102151006
19102151007
19102151008
19102151009
19103151001
19103151002
19103151003
19103151004
19103151005
19103151006
19103151007
19103151008
19103151009
19101152001
19101152002
19101152003
19101152004
19101152005
19101152006
19101152007
19101152008
19101152009
19101152010
19101152011
19101152012
19101152013
19101152014
19101152015
19101152016
19101152017
19101152018
19101152019
19101152020
19101152021
19101152022
19101152023
19101152024
19101152025
19101152026
19101152027
19101152028
19101152029
19101152030
19101152031
19101152032
19101152033
19101152034
19101152035
19101152036
19101152037
19101152038
19101152039
19101152040
19101152041
19101152042
19101152043
19101152044
19101152045
19101152046
19101152047
19101152048
19101152049
19101152050
19101152051
19101152052
19101152053
19101152054
19101152055
19101152056
19101152057
19101152058
19101152059
19101152060
19101152061
19101152062
19101152063
19101152064
19101152065
19101152066
19101152067
19101152068
19101152069
19101152070
19101152071
19101152072
19101152073
19101152074
19102152001
19102152002
19102152003
19102152004
19102152005
19102152006
19102152007
19102152008
19102152009
19102152010
19102152011
19102152012
19102152013
19103152001
19103152002
19103152003
19103152004
19103152005
19103152006
19103152007
19103152008
19103152009
19103152010
19103152011
19103152012
19103152013
19103152014
19103152015
19103152016
19103152017
19103152018
19103152019
19103152020
19103152021
19103152022
19103152023
19103152024
19103152025
19103152026
19103152027
19103152028
19103152029
19103152030
19103152031
19103152032
19103152033
19103152034
19101153001
19101153002
19101153003
19101153004
19101153005
19101153006
19101153007
19101153008
19101153009
19101153010
19101153011
19101153012
19101153013
19101153014
19101153015
19101153016
19101153017
19101153018
19101153019
19101153020
19101153021
19101153022
19101153023
19101153024
19101153025
19101153026
19101153027
19101153028
19101153029
19101153030
19101153031
19101153032
19101153033
19101153034
19101153035
19101153036
19101153037
19101153038
19101153039
19101153040
19101153041
19101153042
19101153043
19101153044
19101153045
19101153046
19101153047
19101153048
19101153049
19101153050
19101153051
19101153052
19101153053
19101153054
19101153055
19101153056
19102153001
19102153002
19102153003
19103153001
19103153002
19103153003
19103153004
19103153005
19103153006
19103153007
19103153008
19103153009
19103153010
19103153011
19101154001
19101154002
19101154003
19101154004
19101154005
19101154006
19101154007
19101154008
19101154009
19101154010
19101154011
19101154012
19101154013
19101154014
19101154015
19101154016
19101154017
19101154018
19101154019
19101154020
19101154021
19101154022
19101154023
19101154024
19101154025
19101154026
19101154027
19101154028
19101154029
19101154030
19101154031
19101154032
19101154033
19101154034
19101154035
19101154036
19101154037
19101154038
19101154039
19101154040
19101154041
19101154042
19101154043
19101154044
19101154045
19101154046
19101154047
19102154001
19102154002
19102154003
19103154001
19103154002
19103154003
19103154004
19103154005
19103154006
19103154007
19103154008
19103154009
19103154010
19103154011
19103154012
19101155001
19101155002
19101155003
19101155004
19101155005
19101155006
19101155007
19101155008
19101155009
19101155010
19101155011
19101155012
19101155013
19101155014
19101155015
19101155016
19101155017
19101155018
19101155019
19101155020
19101155021
19101155022
19101155023
19101155024
19101155025
19101155026
19101155027
19101155028
19101155029
19101155030
19101155031
19101155032
19101155033
19101155034
19101155035
19101155036
19101155037
19101155038
19101155039
19101155040
19101155041
19101155042
19101155043
19101155044
19101155045
19101155046
19101155047
19101155048
19101155049
19101155050
19101155051
19101155052
19101155053
19101155054
19101155055
19102155001
19102155002
19102155003
19102155004
19102155005
19102155006
19102155007
19102155008
19102155009
19102155010
19102155011
19102155012
19102155013
19102155014
19102155015
19102155016
19103155001
19103155002
19103155003
19103155004
19103155005
19103155006
19103155007
19103155008
19103155009
19103155010
19103155011
19103155012
19103155013
19103155014
19103155015
19103155016
19103155017
19103155018
19103155019
19103155020
19103155021
19103155022
19103155023
19103155024
19103155025
19103155026
19103155027
19103155028
19103155029
19103155030
19103155031
19103155032
19103155033
19103155034
19103155035
19103155036
19103155037
19103155038
19103155039
19103155040
19103155041
19103155042
19103155043
19103155044
19103155045
19103155046
19103155047
19103155048
19103155049
19103155050
19104155001
19104155002
19104155003
19104155004
19104155005
19104155006
19104155007
19104155008
19104155009
19104155010
19104155011
19104155012
19104155013
19104155014
19104155015
19104155016
19104155017
19104155018
19104155019
19104155020
19104155021
19104155022
19104155023
19104155024
19104155025
19104155026
19104155027
19104155028
19104155029
19104155030
19104155031
19101156001
19101156002
19101156003
19101156004
19101156005
19101156006
19101156007
19101156008
19101156009
19101156010
19101156011
19101156012
19101156013
19101156014
19101156015
19101156016
19101156017
19101156018
19101156019
19101156020
19101156021
19101156022
19101156023
19101156024
19101156025
19101156026
19101156027
19101156028
19101156029
19101156030
19101156031
19101156032
19101156033
19101156034
19101156035
19101156036
19101156037
19101156038
19101156039
19101156040
19101156041
19101156042
19101156043
19101156044
19101156045
19101156046
19101156047
19101156048
19101156049
19101156050
19101156051
19101156052
19101156053
19101156054
19101156055
19101156056
19101156057
19101156058
19102156001
19102156002
19102156003
19102156004
19102156005
19102156006
19102156007
19102156008
19102156009
19102156010
19102156011
19102156012
19102156013
19102156014
19102156015
19102156016
19102156017
19102156018
19102156019
19102156020
19102156021
19103156001
19103156002
19103156003
19103156004
19103156005
19103156006
19103156007
19103156008
19103156009
19103156010
19103156011
19103156012
19103156013
19103156014
19103156015
19103156016
19103156017
19103156018
19103156019
19103156020
19103156021
19103156022
19103156023
19103156024
19103156025
19103156026
19103156027
19103156028
19103156029
19103156030
19103156031
19103156032
19103156033
19103156034
19103156035
19103156036
19103156037
19103156038
19103156039
19103156040
19103156041
19103156042
19103156043
19103156044
19103156045
19103156046
19103156047
19103156048
19111156001
19101157001
19101157002
19101157003
19101157004
19101157005
19101157006
19101157007
19101157008
19101157009
19101157010
19101157011
19101157012
19101157013
19101157014
19101157015
19101157016
19101157017
19101157018
19101157019
19101157020
19101157021
19101157022
19101157023
19101157024
19101157025
19101157026
19101157027
19101157028
19101157029
19101157030
19101157031
19101157032
19101157033
19101157034
19101157035
19101157036
19101157037
19101157038
19101157039
19101157040
19101157041
19101157042
19101157043
19101157044
19101157045
19101157046
19101157047
19101157048
19101157049
19101157050
19101157051
19101157052
19101157053
19101157054
19102157001
19102157002
19103157001
19103157002
19103157003
19103157004
19103157005
19103157006
19103157007
19103157008
19103157009
19103157010
19103157011
19103157012
19103157013
19103157014
19103157015
19104157001
19104157002
19104157003
19104157004
19101158001
19101158002
19101158003
19101158004
19101158005
19101158006
19101158007
19101158008
19101158009
19101158010
19101158011
19101158012
19101158013
19101158014
19101158015
19101158016
19101158017
19101158018
19101158019
19101158020
19101158021
19101158022
19101158023
19101158024
19101158025
19101158026
19101158027
19101158028
19101158029
19101158030
19101158031
19101158032
19101158033
19101158034
19101158035
19101158036
19101158037
19101158038
19101158039
19101158040
19102158001
19102158002
19102158003
19103158001
19103158002
19103158003
19101159001
19101159002
19101159003
19101159004
19101159005
19101159006
19101159007
19101159008
19101159009
19101159010
19101159011
19101159012
19101159013
19101159014
19101159015
19101159016
19101159017
19101159018
19101159019
19101159020
19101159021
19101159022
19101159023
19101159024
19101159025
19101159026
19101159027
19101159028
19101159029
19101159030
19101159031
19101159032
19101159033
19101159034
19101159035
19101159036
19101159037
19101159038
19101159039
19101159040
19101159041
19101159042
19101159043
19101159044
19101159045
19101159046
19101159047
19101159048
19101159049
19101159050
19101159051
19101159052
19101159053
19101159054
19101159055
19102159001
19102159002
19102159003
19102159004
19102159005
19102159006
19102159007
19102159008
19102159009
19102159010
19102159011
19102159012
19102159013
19102159014
19102159015
19102159016
19102159017
19102159018
19102159019
19102159020
19102159021
19102159022
19102159023
19102159024
19102159025
19102159026
19102159027
19102159028
19102159029
19102159030
19102159031
19102159032
19102159033
19102159034
19102159035
19102159036
19102159037
19102159038
19102159039
19102159040
19102159041
19102159042
19102159043
19103159001
19103159002
19103159003
19103159004
19103159005
19103159006
19103159007
19103159008
19103159009
19103159010
19103159011
19103159012
19103159013
19103159014
19103159015
19103159016
19103159017
19103159018
19103159019
19103159020
19103159021
19103159022
19103159023
19103159024
19103159025
19103159026
19103159027
19103159028
19103159029
19103159030
19103159031
19103159032
19103159033
19103159034
19103159035
19103159036
19103159037
19103159038
19103159039
19103159040
19103159041
19103159042
19103159043
19103159044
19103159045
19103159046
19103159047
19103159048